2.013640	6.035200	17.228364	0.096943	0.012150
2.211057	6.053516	13.654722	0.097158	0.008589
2.391059	6.187150	23.856623	0.097588	0.008131
2.600973	6.160820	12.398730	0.098549	0.007608
2.769102	6.317959	22.759146	0.098974	0.007061
2.976999	6.314987	16.588521	0.099852	0.006335
3.192888	6.284460	10.812147	0.100465	0.005695
3.361970	6.439064	17.627035	0.100855	0.005114
3.556376	6.484565	16.905201	0.101541	0.004563
3.749596	6.534611	16.584939	0.102218	0.004075
3.940880	6.593624	16.718792	0.102904	0.003644
4.139395	6.609110	15.178259	0.103615	0.003264
4.330653	6.678161	15.811206	0.104282	0.002937
4.525829	6.674786	14.016563	0.104988	0.002656
4.720505	6.742409	14.637564	0.105624	0.002427
4.907559	6.743979	13.351868	0.106285	0.002247
5.099534	6.778768	13.115935	0.106881	0.002121
5.307199	6.859854	14.021075	0.107438	0.002051
5.563718	7.015785	16.448800	0.107967	0.002040
5.778986	7.095112	16.957371	0.108374	0.002100
5.959531	7.145691	16.869780	0.108643	0.002238
6.180548	7.222575	17.255586	0.108858	0.002453
6.344923	7.269703	17.116621	0.108802	0.002756
6.491561	7.310450	16.895433	0.108719	0.003140
6.623458	7.346508	16.623512	0.108654	0.003601
6.745495	7.379833	16.330570	0.108625	0.004138
6.955440	7.441866	16.470388	0.108625	0.004749
7.104501	7.491273	16.438124	0.108012	0.005462
7.297629	7.548113	16.497133	0.107178	0.006258
7.646470	7.610961	16.566013	0.105628	0.007139
7.944724	7.659981	16.446334	0.101202	0.008058
8.168800	7.712378	16.426201	0.094546	0.008935
8.420675	7.758878	16.319020	0.087355	0.009767
8.459938	7.846683	16.849591	0.079411	0.010496
8.966561	7.837867	15.984256	0.074152	0.011351
9.181121	7.886695	15.956495	0.064337	0.011671
9.248578	7.980735	16.510461	0.055915	0.011942
9.534321	8.006960	16.200128	0.050139	0.012396
9.771219	8.046295	16.065564	0.044017	0.012627
9.856691	8.144905	16.605593	0.038362	0.012743
9.969543	8.235603	17.018441	0.034227	0.013012
10.176882	8.286962	17.001809	0.030885	0.013332
10.233709	8.411626	17.716047	0.027635	0.013531
10.442202	8.463352	17.685901	0.025192	0.013856
10.566231	8.561366	18.090829	0.022702	0.014030
10.722619	8.643532	18.329738	0.020547	0.014204
10.945059	8.685844	18.202698	0.018552	0.014311
11.122945	8.756688	18.333317	0.016521	0.014241
11.241528	8.871705	18.844225	0.014659	0.014101
11.334292	9.010354	19.532094	0.013099	0.014003
11.387545	9.185516	20.490191	0.011821	0.013969
11.496433	9.320550	21.073090	0.010818	0.014036
11.887902	9.214293	19.706321	0.009923	0.014087
12.039563	9.317191	20.055406	0.008707	0.013658
12.198477	9.415144	20.351364	0.007667	0.013259
12.386238	9.484490	20.406286	0.006765	0.012870
12.710063	9.402006	19.238648	0.005953	0.012449
12.924391	9.437426	19.047607	0.005115	0.011813
13.097371	9.522941	19.268011	0.004394	0.011206
13.258810	9.624839	19.613094	0.003805	0.010686
13.501852	9.617453	19.074358	0.003322	0.010247
13.679763	9.698845	19.259606	0.002888	0.009784
13.826069	9.828658	19.827506	0.002528	0.009380
14.059022	9.826743	19.327112	0.002236	0.009051
14.211277	9.952831	19.865656	0.001973	0.008705
14.388160	10.039924	20.076225	0.001757	0.008417
14.620444	10.029710	19.495207	0.001573	0.008154
14.837859	10.042477	19.110935	0.001406	0.007873
14.983800	10.192393	19.862844	0.001259	0.007594
15.193811	10.215964	19.552798	0.001139	0.007365
15.390066	10.266389	19.471649	0.001032	0.007136
15.600820	10.283931	19.114780	0.000940	0.006918
15.808208	10.306789	18.808949	0.000858	0.006701
15.985268	10.400937	19.120105	0.000786	0.006491
16.189118	10.429160	18.854027	0.000725	0.006304
16.340284	10.593339	19.780941	0.000672	0.006121
16.531628	10.652585	19.763086	0.000628	0.005968
16.743940	10.653106	19.221224	0.000589	0.005820
16.926931	10.735962	19.431261	0.000555	0.005667
17.109654	10.820136	19.648606	0.000525	0.005525
17.281102	10.939636	20.186692	0.000500	0.005392
17.488765	10.945380	19.653608	0.000479	0.005270
17.681057	10.999674	19.587819	0.000459	0.005144
17.870925	11.061829	19.597662	0.000443	0.005022
18.042297	11.188093	20.224102	0.000429	0.004905
18.226297	11.270189	20.406726	0.000417	0.004797
18.417927	11.324786	20.314145	0.000407	0.004693
18.589471	11.453327	20.958849	0.000399	0.004591
18.768291	11.554532	21.313864	0.000392	0.004495
18.954965	11.625848	21.356265	0.000387	0.004403
19.136738	11.715878	21.589613	0.000383	0.004312
19.310119	11.838169	22.152457	0.000380	0.004224
19.500142	11.894927	22.012722	0.000378	0.004140
19.685151	11.971455	22.085759	0.000377	0.004056
19.868883	12.052876	22.208904	0.000377	0.003973
20.058549	12.110644	22.072141	0.000377	0.003893
20.237711	12.210215	22.395521	0.000378	0.003814
20.417727	12.305710	22.664975	0.000379	0.003737
20.607266	12.363122	22.502155	0.000381	0.003664
20.774986	12.506580	23.311358	0.000384	0.003592
20.948174	12.626378	23.829882	0.000387	0.003524
