2.019364	6.005990	0.300561	2.013640	6.035200	0.300692
2.038188	6.011824	0.298789	2.032743	6.041123	0.300792
2.057872	6.017887	0.298899	2.051845	6.047049	0.300892
2.075403	6.023289	0.300055	2.070946	6.052976	0.300992
2.093464	6.028877	0.300816	2.090047	6.058906	0.301092
2.114810	6.035499	0.299866	2.109148	6.064837	0.301192
2.136757	6.042285	0.297407	2.128247	6.070770	0.301292
2.154683	6.047780	0.296678	2.147346	6.076705	0.301392
2.172777	6.053311	0.296149	2.166445	6.082642	0.301492
2.190206	6.058629	0.297268	2.185543	6.088581	0.301592
2.209979	6.064686	0.299477	2.211057	6.053516	0.238320
2.228166	6.070302	0.299456	2.230492	6.058237	0.238420
2.246727	6.076032	0.298496	2.249926	6.062961	0.238520
2.265133	6.081696	0.296295	2.269360	6.067686	0.238620
2.287045	6.088385	0.297320	2.288793	6.072413	0.238720
2.306050	6.094208	0.298775	2.308226	6.077142	0.238820
2.328061	6.100987	0.299884	2.327659	6.081873	0.238920
2.346703	6.106752	0.300181	2.347091	6.086606	0.239020
2.366648	6.112925	0.300153	2.366522	6.091342	0.239120
2.386593	6.119098	0.300899	2.385953	6.096078	0.239220
2.409088	6.126079	0.301468	2.391059	6.187150	0.416377
2.424966	6.131016	0.300955	2.409350	6.195239	0.416477
2.444352	6.137033	0.302592	2.427640	6.203330	0.416577
2.463246	6.142931	0.303316	2.445930	6.211423	0.416677
2.484391	6.149549	0.304588	2.464218	6.219517	0.416777
2.505704	6.156249	0.302638	2.482506	6.227613	0.416877
2.525055	6.162291	0.301023	2.500794	6.235712	0.416977
2.541377	6.167359	0.300008	2.519080	6.243812	0.417077
2.557160	6.172241	0.298521	2.537366	6.251913	0.417177
2.578424	6.178784	0.297141	2.555650	6.260017	0.417277
2.596156	6.184214	0.297128	2.600973	6.160820	0.216399
2.618114	6.190938	0.297983	2.620507	6.165114	0.216499
2.637858	6.197001	0.298007	2.640040	6.169410	0.216599
2.658858	6.203451	0.297069	2.659572	6.173708	0.216699
2.678726	6.209534	0.297624	2.679105	6.178009	0.216799
2.693862	6.214176	0.297967	2.698636	6.182311	0.216899
2.718556	6.221760	0.294863	2.718168	6.186615	0.216999
2.738220	6.227732	0.295235	2.737699	6.190921	0.217099
2.753346	6.232333	0.295646	2.757229	6.195229	0.217199
2.776041	6.239245	0.296801	2.776759	6.199538	0.217299
2.795941	6.245331	0.298320	2.769102	6.317959	0.397222
2.815055	6.251208	0.297339	2.787545	6.325696	0.397322
2.834418	6.257142	0.296869	2.805987	6.333435	0.397422
2.852858	6.262783	0.297357	2.824428	6.341176	0.397522
2.873668	6.269160	0.297661	2.842869	6.348918	0.397622
2.891575	6.274653	0.297084	2.861308	6.356663	0.397722
2.906008	6.279072	0.296804	2.879747	6.364409	0.397822
2.927729	6.285715	0.296589	2.898186	6.372157	0.397922
2.949451	6.292353	0.298012	2.916623	6.379908	0.398022
2.967406	6.297868	0.298132	2.935059	6.387659	0.398122
2.986126	6.303621	0.298513	2.976999	6.314987	0.289524
3.005067	6.309449	0.297001	2.996167	6.320697	0.289624
3.023587	6.315117	0.296830	3.015334	6.326408	0.289724
3.044214	6.321426	0.297284	3.034500	6.332122	0.289824
3.063224	6.327250	0.297330	3.053666	6.337838	0.289924
3.078953	6.332070	0.295892	3.072832	6.343555	0.290024
3.098331	6.337977	0.295604	3.091996	6.349275	0.290124
3.118203	6.344029	0.297248	3.111160	6.354996	0.290224
3.136093	6.349509	0.296447	3.130324	6.360720	0.290324
3.155367	6.355396	0.294865	3.149487	6.366445	0.290424
3.173379	6.360866	0.292591	3.192888	6.284460	0.188708
3.191794	6.366414	0.292561	3.212533	6.288212	0.188808
3.213195	6.372860	0.291717	3.232177	6.291965	0.188908
3.233240	6.378879	0.290268	3.251821	6.295721	0.189008
3.254437	6.385211	0.289280	3.271465	6.299479	0.189108
3.272601	6.390617	0.290907	3.291109	6.303238	0.189208
3.288179	6.395281	0.290982	3.310752	6.307000	0.189308
3.306581	6.400792	0.291969	3.330395	6.310764	0.189408
3.324910	6.406301	0.293051	3.350037	6.314529	0.189508
3.344595	6.412241	0.292868	3.369679	6.318297	0.189608
3.365046	6.418407	0.291843	3.361970	6.439064	0.307650
3.383766	6.424031	0.292080	3.381031	6.445121	0.307750
3.402843	6.429767	0.292053	3.400091	6.451179	0.307850
3.421668	6.435427	0.293668	3.419151	6.457239	0.307950
3.440107	6.441003	0.293618	3.438210	6.463302	0.308050
3.459309	6.446809	0.294701	3.457269	6.469366	0.308150
3.477619	6.452367	0.294673	3.476327	6.475431	0.308250
3.495638	6.457836	0.296193	3.495384	6.481499	0.308350
3.515242	6.463818	0.297444	3.514441	6.487569	0.308450
3.533017	6.469267	0.299359	3.533497	6.493641	0.308550
3.550504	6.474664	0.300626	3.556376	6.484565	0.295051
3.572137	6.481371	0.301742	3.575512	6.490381	0.295151
3.590148	6.486977	0.301338	3.594647	6.496199	0.295251
3.609127	6.492875	0.301889	3.613781	6.502018	0.295351
3.627263	6.498523	0.301054	3.632915	6.507840	0.295451
3.648179	6.505017	0.302978	3.652049	6.513663	0.295551
3.666623	6.510783	0.302290	3.671182	6.519489	0.295651
3.686186	6.516884	0.303275	3.690314	6.525316	0.295751
3.704534	6.522625	0.302090	3.709445	6.531145	0.295851
3.723154	6.528428	0.301274	3.728577	6.536976	0.295951
3.739651	6.533554	0.300977	3.749596	6.534611	0.289462
3.759760	6.539796	0.299827	3.768764	6.540320	0.289562
3.776582	6.544996	0.300882	3.787932	6.546031	0.289662
3.795083	6.550737	0.299576	3.807098	6.551743	0.289762
3.815025	6.556897	0.299727	3.826265	6.557458	0.289862
3.833055	6.562469	0.299533	3.845430	6.563174	0.289962
3.850769	6.567939	0.299239	3.864595	6.568892	0.290062
3.872043	6.574502	0.298637	3.883760	6.574613	0.290162
3.890315	6.580127	0.298624	3.902924	6.580335	0.290262
3.910517	6.586346	0.298725	3.922087	6.586059	0.290362
3.929183	6.592094	0.300163	3.940880	6.593624	0.291798
3.946730	6.597525	0.299383	3.960034	6.599378	0.291898
3.969195	6.604459	0.298891	3.979188	6.605133	0.291998
3.986964	6.609934	0.297512	3.998342	6.610890	0.292098
4.006455	6.615910	0.299970	4.017495	6.616650	0.292198
4.025362	6.621758	0.299486	4.036647	6.622411	0.292298
4.049890	6.629332	0.298815	4.055799	6.628174	0.292398
4.064674	6.633886	0.297738	4.074950	6.633939	0.292498
4.088704	6.641260	0.298602	4.094100	6.639706	0.292598
4.107940	6.647181	0.297874	4.113250	6.645475	0.292698
4.124808	6.652359	0.298022	4.139395	6.609110	0.264911
4.141728	6.657557	0.298743	4.158697	6.614347	0.265011
4.158483	6.662717	0.297920	4.177999	6.619585	0.265111
4.179477	6.669163	0.298640	4.197301	6.624825	0.265211
4.199902	6.675451	0.299119	4.216601	6.630068	0.265311
4.218780	6.681272	0.298271	4.235902	6.635312	0.265411
4.232953	6.685629	0.298409	4.255201	6.640558	0.265511
4.249932	6.690852	0.296872	4.274500	6.645806	0.265611
4.270614	6.697179	0.296563	4.293799	6.651056	0.265711
4.292583	6.703892	0.295428	4.313097	6.656308	0.265811
4.313060	6.710124	0.295750	4.330653	6.678161	0.275958
4.331358	6.715699	0.296622	4.349896	6.683611	0.276058
4.349590	6.721272	0.296143	4.369139	6.689062	0.276158
4.370784	6.727738	0.297130	4.388381	6.694515	0.276258
4.389853	6.733577	0.297578	4.407623	6.699970	0.276358
4.406491	6.738680	0.297387	4.426864	6.705427	0.276458
4.426555	6.744829	0.297218	4.446105	6.710886	0.276558
4.443282	6.749952	0.298262	4.465345	6.716347	0.276658
4.462512	6.755864	0.297358	4.484584	6.721810	0.276758
4.482472	6.761980	0.297725	4.503823	6.727275	0.276858
4.504794	6.768830	0.297099	4.525829	6.674786	0.244635
4.527851	6.775889	0.296836	4.545233	6.679631	0.244735
4.545301	6.781227	0.296487	4.564637	6.684477	0.244835
4.565977	6.787543	0.297048	4.584041	6.689324	0.244935
4.586484	6.793820	0.298319	4.603444	6.694174	0.245035
4.604922	6.799490	0.299271	4.622847	6.699026	0.245135
4.628123	6.806648	0.299132	4.642249	6.703880	0.245235
4.645910	6.812134	0.302581	4.661650	6.708736	0.245335
4.662704	6.817376	0.302041	4.681051	6.713593	0.245435
4.680273	6.822850	0.301619	4.700452	6.718453	0.245535
4.702329	6.829712	0.302091	4.720505	6.742409	0.255474
4.722675	6.836052	0.302868	4.739856	6.747463	0.255574
4.740594	6.841652	0.303117	4.759206	6.752519	0.255674
4.760112	6.847756	0.303209	4.778556	6.757577	0.255774
4.780990	6.854288	0.302625	4.797905	6.762637	0.255874
4.800225	6.860293	0.303355	4.817254	6.767699	0.255974
4.818862	6.866127	0.303008	4.836603	6.772763	0.256074
4.839412	6.872552	0.304006	4.855950	6.777828	0.256174
4.860737	6.879242	0.303534	4.875298	6.782896	0.256274
4.877383	6.884456	0.303744	4.894645	6.787966	0.256374
4.896376	6.890409	0.301096	4.907559	6.743979	0.233034
4.918472	6.897271	0.300738	4.927019	6.748597	0.233134
4.940161	6.903997	0.300209	4.946478	6.753218	0.233234
4.958282	6.909607	0.300506	4.965936	6.757840	0.233334
4.978308	6.915813	0.299580	4.985394	6.762465	0.233434
5.001674	6.923030	0.298482	5.004852	6.767091	0.233534
5.024197	6.929960	0.297808	5.024309	6.771720	0.233634
5.043560	6.935903	0.296732	5.043765	6.776350	0.233734
5.064260	6.942232	0.296292	5.063222	6.780982	0.233834
5.085529	6.948725	0.296625	5.082677	6.785616	0.233934
5.108218	6.955660	0.295020	5.099534	6.778768	0.228916
5.126615	6.961250	0.295313	5.119012	6.783306	0.229016
5.147511	6.967607	0.294655	5.138490	6.787846	0.229116
5.164833	6.972864	0.292230	5.157967	6.792389	0.229216
5.184263	6.978710	0.293250	5.177444	6.796933	0.229316
5.202323	6.984163	0.293329	5.196921	6.801479	0.229416
5.223361	6.990517	0.293148	5.216397	6.806027	0.229516
5.241228	6.995910	0.291744	5.235872	6.810578	0.229616
5.257374	7.000759	0.290568	5.255347	6.815130	0.229716
5.276648	7.006523	0.291540	5.274822	6.819684	0.229816
5.295560	7.012198	0.292099	5.307199	6.859854	0.244714
5.314698	7.017953	0.292147	5.326603	6.864699	0.244814
5.331929	7.023135	0.292988	5.346007	6.869547	0.244914
5.349760	7.028514	0.292477	5.365410	6.874396	0.245014
5.364004	7.032803	0.292786	5.384813	6.879248	0.245114
5.382430	7.038358	0.291412	5.404215	6.884101	0.245214
5.399747	7.043552	0.293109	5.423617	6.888956	0.245314
5.420790	7.049903	0.293477	5.443018	6.893814	0.245414
5.441969	7.056303	0.293804	5.462419	6.898673	0.245514
5.459979	7.061752	0.294842	5.481819	6.903534	0.245614
5.482511	7.068595	0.294205	5.563718	7.015785	0.287086
5.503644	7.074998	0.293980	5.582899	7.021448	0.287186
5.522070	7.080577	0.293766	5.602080	7.027113	0.287286
5.541559	7.086473	0.292479	5.621260	7.032780	0.287386
5.558226	7.091491	0.292196	5.640440	7.038449	0.287486
5.575302	7.096628	0.293243	5.659619	7.044120	0.287586
5.595712	7.102791	0.292630	5.678798	7.049793	0.287686
5.615766	7.108833	0.293334	5.697976	7.055467	0.287786
5.632753	7.113963	0.293956	5.717153	7.061144	0.287886
5.650847	7.119441	0.294442	5.736330	7.066823	0.287986
5.666176	7.124089	0.294737	5.778986	7.095112	0.295962
5.684303	7.129593	0.296051	5.798117	7.100945	0.296062
5.702920	7.135271	0.293551	5.817247	7.106780	0.296162
5.721388	7.140854	0.293398	5.836376	7.112617	0.296262
5.739197	7.146234	0.293769	5.855505	7.118456	0.296362
5.760767	7.152759	0.294148	5.874633	7.124297	0.296462
5.778972	7.158274	0.294341	5.893760	7.130140	0.296562
5.797836	7.163993	0.294061	5.912887	7.135985	0.296662
5.818330	7.170199	0.294545	5.932013	7.141831	0.296762
5.840228	7.176842	0.294783	5.951139	7.147680	0.296862
5.860035	7.182856	0.294528	5.959531	7.145691	0.294433
5.878800	7.188549	0.293903	5.978670	7.151495	0.294533
5.898415	7.194486	0.294009	5.997809	7.157301	0.294633
5.920132	7.201061	0.294801	6.016947	7.163109	0.294733
5.937504	7.206336	0.294971	6.036085	7.168919	0.294833
5.957487	7.212408	0.295319	6.055222	7.174730	0.294933
5.979480	7.219098	0.296439	6.074358	7.180544	0.295033
5.998558	7.224925	0.296445	6.093494	7.186359	0.295133
6.019088	7.231196	0.295641	6.112629	7.192176	0.295233
6.038733	7.237179	0.295936	6.131764	7.197996	0.295333
6.060235	7.243735	0.294952	6.180548	7.222575	0.301167
6.077279	7.248913	0.292511	6.199648	7.228508	0.301267
6.098739	7.255376	0.293000	6.218747	7.234442	0.301367
6.118312	7.261281	0.292118	6.237846	7.240379	0.301467
6.136612	7.266784	0.292279	6.256944	7.246317	0.301567
6.155655	7.272514	0.291535	6.276041	7.252258	0.301667
6.176173	7.278671	0.291030	6.295138	7.258200	0.301767
6.196956	7.284897	0.290343	6.314234	7.264144	0.301867
6.212569	7.289561	0.289462	6.333330	7.270090	0.301967
6.227494	7.294006	0.290089	6.352425	7.276038	0.302067
6.244835	7.299183	0.289605	6.344923	7.269703	0.298741
6.263028	7.304604	0.289288	6.364037	7.275590	0.298841
6.282032	7.310260	0.289097	6.383151	7.281478	0.298941
6.300352	7.315709	0.290651	6.402264	7.287368	0.299041
6.319008	7.321290	0.291390	6.421376	7.293260	0.299141
6.337257	7.326763	0.290736	6.440488	7.299154	0.299241
6.357140	7.332712	0.293445	6.459599	7.305050	0.299341
6.378804	7.339259	0.293458	6.478710	7.310948	0.299441
6.395471	7.344295	0.294409	6.497820	7.316848	0.299541
6.415152	7.350263	0.293800	6.516929	7.322749	0.299641
6.436578	7.356745	0.293424	6.491561	7.310450	0.294881
6.459773	7.363753	0.293419	6.510698	7.316263	0.294981
6.475667	7.368556	0.293806	6.529834	7.322077	0.295081
6.497998	7.375312	0.292930	6.548970	7.327893	0.295181
6.515414	7.380565	0.293172	6.568105	7.333712	0.295281
6.529020	7.384672	0.293315	6.587239	7.339532	0.295381
6.551521	7.391468	0.292344	6.606373	7.345354	0.295481
6.569242	7.396802	0.293186	6.625506	7.351178	0.295581
6.588366	7.402575	0.292477	6.644639	7.357004	0.295681
6.607691	7.408394	0.293796	6.663771	7.362832	0.295781
6.628290	7.414626	0.294968	6.623458	7.346508	0.290135
6.648397	7.420735	0.294757	6.642622	7.352229	0.290235
6.670512	7.427449	0.295044	6.661785	7.357953	0.290335
6.688281	7.432850	0.294648	6.680948	7.363678	0.290435
6.706567	7.438399	0.294422	6.700111	7.369406	0.290535
6.723570	7.443555	0.293437	6.719272	7.375135	0.290635
6.742025	7.449131	0.292624	6.738434	7.380866	0.290735
6.761023	7.454855	0.292610	6.757594	7.386599	0.290835
6.780042	7.460584	0.293555	6.776755	7.392334	0.290935
6.800808	7.466862	0.294574	6.795914	7.398071	0.291035
6.821539	7.473152	0.294558	6.745495	7.379833	0.285022
6.843082	7.479687	0.294007	6.764688	7.385457	0.285122
6.861111	7.485146	0.293883	6.783880	7.391082	0.285222
6.882139	7.491511	0.294930	6.803072	7.396710	0.285322
6.901646	7.497437	0.294791	6.822264	7.402339	0.285422
6.919873	7.502971	0.294305	6.841455	7.407970	0.285522
6.941320	7.509471	0.294276	6.860645	7.413604	0.285622
6.959446	7.514965	0.294111	6.879835	7.419239	0.285722
6.978483	7.520731	0.294014	6.899024	7.424876	0.285822
7.001130	7.527588	0.294948	6.918212	7.430515	0.285922
7.019922	7.533298	0.294658	6.955440	7.441866	0.287462
7.037871	7.538745	0.295763	6.974619	7.447536	0.287562
7.052527	7.543211	0.295555	6.993798	7.453208	0.287662
7.073090	7.549472	0.295543	7.012976	7.458883	0.287762
7.091689	7.555134	0.294873	7.032154	7.464559	0.287862
7.111422	7.561128	0.293106	7.051331	7.470237	0.287962
7.128336	7.566232	0.291354	7.070507	7.475917	0.288062
7.145935	7.571510	0.292438	7.089683	7.481599	0.288162
7.167132	7.577892	0.291371	7.108858	7.487282	0.288262
7.184935	7.583231	0.290979	7.128033	7.492968	0.288362
7.205850	7.589495	0.291755	7.104501	7.491273	0.286899
7.227664	7.596046	0.292047	7.123684	7.496933	0.286999
7.248076	7.602183	0.292309	7.142866	7.502594	0.287099
7.270273	7.608863	0.291892	7.162047	7.508258	0.287199
7.288810	7.614432	0.292066	7.181228	7.513923	0.287299
7.304415	7.619124	0.292805	7.200408	7.519590	0.287399
7.321431	7.624254	0.293305	7.219588	7.525260	0.287499
7.340596	7.630042	0.293606	7.238767	7.530931	0.287599
7.360231	7.635979	0.294982	7.257945	7.536604	0.287699
7.380819	7.642234	0.293850	7.277123	7.542279	0.287799
7.397565	7.647302	0.292996	7.297629	7.548113	0.287929
7.418380	7.653581	0.295014	7.316805	7.553792	0.288029
7.439340	7.659951	0.295317	7.335981	7.559473	0.288129
7.460963	7.666528	0.295291	7.355157	7.565157	0.288229
7.477013	7.671411	0.295364	7.374332	7.570842	0.288329
7.498890	7.678067	0.296986	7.393506	7.576529	0.288429
7.517547	7.683777	0.296146	7.412680	7.582218	0.288529
7.538440	7.690152	0.295434	7.431853	7.587909	0.288629
7.558768	7.696338	0.296869	7.451026	7.593601	0.288729
7.576585	7.701789	0.297488	7.470198	7.599296	0.288829
7.591077	7.706232	0.297489	7.646470	7.610961	0.289131
7.610174	7.712087	0.297677	7.665640	7.616663	0.289231
7.629335	7.717965	0.296882	7.684809	7.622367	0.289331
7.645279	7.722843	0.297716	7.703978	7.628074	0.289431
7.663381	7.728397	0.298451	7.723146	7.633782	0.289531
7.686121	7.735393	0.298818	7.742314	7.639492	0.289631
7.704386	7.741019	0.300102	7.761481	7.645204	0.289731
7.724489	7.747240	0.299931	7.780647	7.650918	0.289831
7.744122	7.753312	0.300325	7.799813	7.656634	0.289931
7.761994	7.758847	0.299827	7.818978	7.662351	0.290031
7.782383	7.765150	0.299756	7.944724	7.659981	0.287043
7.800181	7.770651	0.299097	7.963906	7.665643	0.287143
7.820651	7.776962	0.298845	7.983087	7.671308	0.287243
7.836487	7.781841	0.300028	8.002268	7.676974	0.287343
7.854743	7.787489	0.300598	8.021448	7.682642	0.287443
7.871439	7.792664	0.300272	8.040627	7.688312	0.287543
7.888585	7.797974	0.301069	8.059806	7.693984	0.287643
7.905866	7.803340	0.301370	8.078984	7.699658	0.287743
7.923551	7.808837	0.301221	8.098162	7.705334	0.287843
7.940847	7.814210	0.300719	8.117339	7.711011	0.287943
7.960210	7.820215	0.298761	8.168800	7.712378	0.286691
7.978272	7.825778	0.299464	8.187984	7.718034	0.286791
7.997953	7.831854	0.300842	8.207167	7.723691	0.286891
8.015226	7.837213	0.301685	8.226350	7.729351	0.286991
8.035775	7.843608	0.303503	8.245532	7.735012	0.287091
8.057101	7.850287	0.303902	8.264713	7.740675	0.287191
8.076067	7.856235	0.304433	8.283894	7.746340	0.287291
8.098051	7.863142	0.304619	8.303074	7.752008	0.287391
8.115836	7.868734	0.304599	8.322254	7.757677	0.287491
8.134523	7.874609	0.306193	8.341433	7.763348	0.287591
8.150315	7.879601	0.304011	8.420675	7.758878	0.284821
8.168506	7.885308	0.304401	8.439869	7.764498	0.284921
8.187541	7.891288	0.304196	8.459063	7.770119	0.285021
8.205947	7.897067	0.303551	8.478256	7.775743	0.285121
8.219926	7.901445	0.304835	8.497449	7.781368	0.285221
8.242912	7.908678	0.305291	8.516641	7.786996	0.285321
8.263629	7.915207	0.305548	8.535832	7.792625	0.285421
8.282852	7.921270	0.305812	8.555023	7.798256	0.285521
8.303237	7.927706	0.306488	8.574213	7.803889	0.285621
8.323954	7.934262	0.308151	8.593403	7.809524	0.285721
8.344488	7.940798	0.307402	8.459938	7.846683	0.294081
8.363771	7.946919	0.307726	8.479079	7.852481	0.294181
8.385559	7.953844	0.306818	8.498220	7.858280	0.294281
8.406014	7.960325	0.305756	8.517360	7.864081	0.294381
8.428700	7.967486	0.306422	8.536500	7.869884	0.294481
8.449659	7.974117	0.307712	8.555639	7.875689	0.294581
8.470295	7.980675	0.306202	8.574777	7.881495	0.294681
8.489384	7.986710	0.308391	8.593915	7.887304	0.294781
8.511115	7.993632	0.308009	8.613052	7.893115	0.294881
8.533862	8.000869	0.309560	8.632189	7.898927	0.294981
8.552929	8.006967	0.309774	8.966561	7.837867	0.278978
8.570666	8.012645	0.308586	8.985788	7.843375	0.279078
8.585830	8.017478	0.307711	9.005014	7.848884	0.279178
8.604256	8.023334	0.307474	9.024240	7.854395	0.279278
8.621616	8.028847	0.307067	9.043465	7.859909	0.279378
8.642968	8.035617	0.307353	9.062689	7.865424	0.279478
8.661604	8.041533	0.307398	9.081913	7.870941	0.279578
8.679076	8.047079	0.309598	9.101137	7.876460	0.279678
8.695347	8.052284	0.308791	9.120360	7.881981	0.279778
8.714039	8.058247	0.308682	9.139582	7.887504	0.279878
8.731178	8.063712	0.307413	9.181121	7.886695	0.278493
8.750188	8.069747	0.306588	9.200350	7.892193	0.278593
8.767010	8.075073	0.305931	9.219579	7.897693	0.278693
8.784477	8.080590	0.306111	9.238808	7.903195	0.278793
8.804085	8.086787	0.306739	9.258035	7.908699	0.278893
8.824031	8.093104	0.306960	9.277263	7.914205	0.278993
8.842780	8.099047	0.306932	9.296489	7.919712	0.279093
8.862355	8.105251	0.307936	9.315715	7.925222	0.279193
8.877679	8.110126	0.308106	9.334941	7.930734	0.279293
8.898310	8.116691	0.307694	9.354166	7.936247	0.279393
8.919654	8.123474	0.308621	9.248578	7.980735	0.288162
8.937425	8.129140	0.308995	9.267754	7.986418	0.288262
8.958873	8.135986	0.308844	9.286928	7.992104	0.288362
8.980055	8.142744	0.308892	9.306103	7.997792	0.288462
9.000428	8.149245	0.309256	9.325276	8.003481	0.288562
9.019881	8.155461	0.309639	9.344449	8.009173	0.288662
9.038564	8.161438	0.308709	9.363622	8.014866	0.288762
9.058312	8.167736	0.310635	9.382794	8.020562	0.288862
9.077327	8.173840	0.311216	9.401965	8.026259	0.288962
9.096821	8.180111	0.311511	9.421136	8.031958	0.289062
9.112634	8.185203	0.312189	9.534321	8.006960	0.282746
9.135384	8.192545	0.312039	9.553527	8.012539	0.282846
9.154910	8.198843	0.312459	9.572732	8.018121	0.282946
9.170225	8.203791	0.312092	9.591937	8.023705	0.283046
9.187106	8.209237	0.311315	9.611141	8.029291	0.283146
9.204232	8.214748	0.309685	9.630345	8.034878	0.283246
9.223092	8.220783	0.309529	9.649548	8.040468	0.283346
9.238856	8.225824	0.311095	9.668750	8.046059	0.283446
9.257440	8.231800	0.313035	9.687952	8.051652	0.283546
9.276139	8.237852	0.315427	9.707154	8.057248	0.283646
9.294026	8.243689	0.314575	9.771219	8.046295	0.280397
9.313496	8.250024	0.315070	9.790438	8.051829	0.280497
9.336071	8.257382	0.316411	9.809656	8.057366	0.280597
9.353164	8.262979	0.316990	9.828874	8.062905	0.280697
9.375588	8.270335	0.316518	9.848091	8.068445	0.280797
9.393616	8.276240	0.317396	9.867308	8.073988	0.280897
9.412842	8.282555	0.316549	9.886524	8.079532	0.280997
9.431367	8.288623	0.316348	9.905740	8.085078	0.281097
9.450002	8.294723	0.314517	9.924955	8.090626	0.281197
9.468975	8.300896	0.314801	9.944169	8.096176	0.281297
9.485071	8.306137	0.315180	9.856691	8.144905	0.289822
9.500978	8.311323	0.313782	9.875857	8.150621	0.289922
9.518369	8.316967	0.312376	9.895022	8.156338	0.290022
9.534684	8.322236	0.313442	9.914187	8.162058	0.290122
9.552992	8.328170	0.314222	9.933351	8.167779	0.290222
9.569202	8.333438	0.314744	9.952515	8.173503	0.290322
9.589649	8.340095	0.314360	9.971678	8.179228	0.290422
9.612042	8.347376	0.314899	9.990840	8.184955	0.290522
9.630951	8.353535	0.315842	10.010002	8.190684	0.290622
9.651650	8.360299	0.316176	10.029163	8.196415	0.290722
9.669536	8.366150	0.314727	9.969543	8.235603	0.297028
9.691760	8.373385	0.314985	9.988667	8.241457	0.297128
9.710680	8.379550	0.315322	10.007791	8.247312	0.297228
9.728836	8.385473	0.315244	10.026914	8.253170	0.297328
9.747934	8.391701	0.315615	10.046036	8.259029	0.297428
9.764785	8.397203	0.316040	10.065158	8.264890	0.297528
9.784739	8.403728	0.315864	10.084279	8.270753	0.297628
9.805712	8.410582	0.316468	10.103400	8.276618	0.297728
9.825733	8.417139	0.317495	10.122520	8.282485	0.297828
9.846529	8.423973	0.318311	10.141640	8.288354	0.297928
9.867814	8.430986	0.318726	10.176882	8.286962	0.296738
9.888287	8.437742	0.317459	10.196008	8.292810	0.296838
9.909836	8.444822	0.318701	10.215134	8.298660	0.296938
9.930743	8.451721	0.319309	10.234258	8.304512	0.297038
9.951031	8.458428	0.319077	10.253382	8.310365	0.297138
9.971690	8.465253	0.318761	10.272506	8.316221	0.297238
9.992423	8.472095	0.318327	10.291629	8.322079	0.297338
10.012481	8.478705	0.320497	10.310751	8.327938	0.297438
10.032354	8.485302	0.321798	10.329873	8.333800	0.297538
10.054430	8.492662	0.319268	10.348994	8.339663	0.297638
10.077137	8.500168	0.320783	10.233709	8.411626	0.309203
10.097854	8.507052	0.321392	10.252761	8.417712	0.309303
10.115314	8.512865	0.321863	10.271812	8.423800	0.309403
10.132047	8.518444	0.320731	10.290862	8.429889	0.309503
10.149756	8.524327	0.321393	10.309912	8.435981	0.309603
10.170972	8.531391	0.321208	10.328961	8.442075	0.309703
10.194883	8.539347	0.320566	10.348009	8.448170	0.309803
10.212284	8.545124	0.320171	10.367057	8.454268	0.309903
10.229467	8.550822	0.319190	10.386104	8.460367	0.310003
10.249612	8.557480	0.318252	10.405151	8.466468	0.310103
10.267237	8.563286	0.319467	10.442202	8.463352	0.308677
10.287246	8.569905	0.320121	10.461257	8.469428	0.308777
10.304561	8.575645	0.320981	10.480311	8.475506	0.308877
10.323617	8.581981	0.321492	10.499365	8.481586	0.308977
10.344454	8.588921	0.319600	10.518417	8.487668	0.309077
10.363228	8.595134	0.320061	10.537470	8.493751	0.309177
10.382668	8.601577	0.319489	10.556521	8.499837	0.309277
10.399199	8.607046	0.318216	10.575573	8.505924	0.309377
10.417226	8.612984	0.319966	10.594623	8.512013	0.309477
10.433296	8.618309	0.319616	10.613673	8.518105	0.309577
10.449417	8.623645	0.321206	10.566231	8.561366	0.315745
10.466768	8.629418	0.321185	10.585242	8.567576	0.315845
10.486375	8.635941	0.322378	10.604253	8.573789	0.315945
10.505486	8.642325	0.323677	10.623263	8.580003	0.316045
10.523324	8.648309	0.322293	10.642272	8.586219	0.316145
10.541139	8.654258	0.321396	10.661281	8.592437	0.316245
10.563467	8.661692	0.320830	10.680289	8.598657	0.316345
10.582421	8.667991	0.321313	10.699297	8.604879	0.316445
10.600264	8.673930	0.319664	10.718304	8.611103	0.316545
10.621266	8.680882	0.318880	10.737310	8.617328	0.316645
10.637325	8.686184	0.319641	10.722619	8.643532	0.319914
10.658131	8.693070	0.320842	10.741604	8.649822	0.320014
10.680457	8.700490	0.321759	10.760589	8.656113	0.320114
10.699995	8.707003	0.323206	10.779573	8.662407	0.320214
10.717468	8.712855	0.323450	10.798556	8.668702	0.320314
10.736941	8.719383	0.322560	10.817539	8.674999	0.320414
10.759077	8.726782	0.323132	10.836521	8.681299	0.320514
10.777613	8.732989	0.323278	10.855502	8.687600	0.320614
10.796807	8.739419	0.324218	10.874483	8.693903	0.320714
10.815596	8.745734	0.324999	10.893463	8.700208	0.320814
10.836066	8.752631	0.324684	10.945059	8.685844	0.317697
10.854641	8.758883	0.324464	10.964058	8.692092	0.317797
10.873381	8.765187	0.323622	10.983057	8.698341	0.317897
10.894836	8.772383	0.324206	11.002055	8.704593	0.317997
10.912350	8.778269	0.326063	11.021052	8.710846	0.318097
10.932782	8.785177	0.326457	11.040049	8.717101	0.318197
10.952454	8.791838	0.326419	11.059045	8.723358	0.318297
10.968848	8.797387	0.325372	11.078040	8.729617	0.318397
10.984386	8.802629	0.327609	11.097035	8.735878	0.318497
11.000609	8.808143	0.326866	11.116029	8.742141	0.318597
11.022293	8.815494	0.327906	11.122945	8.756688	0.319977
11.041810	8.822134	0.327396	11.141930	8.762979	0.320077
11.058849	8.827921	0.327440	11.160914	8.769271	0.320177
11.080241	8.835187	0.327301	11.179897	8.775566	0.320277
11.097655	8.841099	0.328990	11.198880	8.781863	0.320377
11.115822	8.847301	0.328674	11.217863	8.788161	0.320477
11.134094	8.853533	0.328781	11.236844	8.794462	0.320577
11.150991	8.859297	0.329727	11.255826	8.800764	0.320677
11.167974	8.865109	0.330917	11.274806	8.807068	0.320777
11.186685	8.871537	0.331329	11.293786	8.813374	0.320877
11.206357	8.878305	0.330971	11.241528	8.871705	0.328894
11.223394	8.884159	0.331300	11.260456	8.878165	0.328994
11.243766	8.891166	0.331876	11.279383	8.884627	0.329094
11.263081	8.897823	0.331308	11.298310	8.891090	0.329194
11.281995	8.904329	0.331661	11.317236	8.897556	0.329294
11.302268	8.911311	0.331527	11.336161	8.904023	0.329394
11.321804	8.918036	0.329754	11.355086	8.910493	0.329494
11.336846	8.923184	0.329301	11.374010	8.916964	0.329594
11.354894	8.929352	0.329104	11.392934	8.923437	0.329694
11.372180	8.935255	0.330280	11.411857	8.929912	0.329794
11.390847	8.941655	0.329737	11.334292	9.010354	0.340899
11.410995	8.948550	0.331103	11.353141	9.017041	0.340999
11.431617	8.955639	0.331056	11.371990	9.023730	0.341099
11.451185	8.962365	0.331881	11.390838	9.030420	0.341199
11.469890	8.968811	0.331451	11.409685	9.037113	0.341299
11.490209	8.975804	0.332664	11.428531	9.043807	0.341399
11.506754	8.981520	0.333043	11.447377	9.050503	0.341499
11.523429	8.987288	0.332632	11.466222	9.057201	0.341599
11.542148	8.993755	0.331867	11.485066	9.063901	0.341699
11.562865	9.000895	0.330139	11.503910	9.070603	0.341799
11.581384	9.007241	0.329925	11.387545	9.185516	0.357621
11.600024	9.013624	0.328422	11.406280	9.192517	0.357721
11.616742	9.019320	0.328547	11.425014	9.199520	0.357821
11.635298	9.025646	0.327847	11.443747	9.206524	0.357921
11.653404	9.031805	0.327823	11.462480	9.213531	0.358021
11.673489	9.038635	0.328295	11.481211	9.220539	0.358121
11.693930	9.045598	0.328770	11.499943	9.227550	0.358221
11.716083	9.053156	0.328804	11.518673	9.234562	0.358321
11.735045	9.059625	0.329766	11.537403	9.241576	0.358421
11.753716	9.066016	0.330719	11.556132	9.248592	0.358521
11.773130	9.072681	0.330869	11.496433	9.320550	0.367795
11.791789	9.079090	0.332362	11.515095	9.327741	0.367895
11.808536	9.084871	0.333328	11.533757	9.334934	0.367995
11.826914	9.091234	0.332719	11.552418	9.342129	0.368095
11.846084	9.097859	0.333729	11.571078	9.349326	0.368195
11.864424	9.104217	0.334130	11.589738	9.356524	0.368295
11.885746	9.111619	0.332931	11.608397	9.363725	0.368395
11.902908	9.117554	0.332806	11.627055	9.370927	0.368495
11.919078	9.123143	0.334291	11.645712	9.378131	0.368595
11.941429	9.130906	0.335372	11.664369	9.385338	0.368695
11.959650	9.137257	0.335038	11.887902	9.214293	0.343940
11.981533	9.144876	0.335948	11.906731	9.221037	0.344040
12.003280	9.152469	0.337088	11.925559	9.227783	0.344140
12.022584	9.159235	0.336228	11.944386	9.234531	0.344240
12.044553	9.166913	0.336716	11.963213	9.241280	0.344340
12.064182	9.173784	0.336533	11.982039	9.248032	0.344440
12.080182	9.179381	0.337083	12.000864	9.254785	0.344540
12.097056	9.185295	0.337332	12.019689	9.261540	0.344640
12.114058	9.191258	0.336797	12.038513	9.268298	0.344740
12.132922	9.197863	0.334657	12.057336	9.275057	0.344840
12.152772	9.204766	0.335012	12.039563	9.317191	0.350033
12.171420	9.211258	0.334936	12.058350	9.324050	0.350133
12.188697	9.217271	0.333882	12.077137	9.330910	0.350233
12.208019	9.223973	0.333589	12.095923	9.337773	0.350333
12.229925	9.231565	0.332757	12.114708	9.344637	0.350433
12.251551	9.239039	0.331993	12.133492	9.351503	0.350533
12.270320	9.245509	0.330436	12.152276	9.358371	0.350633
12.288837	9.251861	0.330187	12.171059	9.365241	0.350733
12.309116	9.258811	0.329562	12.189842	9.372112	0.350833
12.329196	9.265679	0.328430	12.208623	9.378986	0.350933
12.346400	9.271542	0.328777	12.198477	9.415144	0.355198
12.367102	9.278605	0.329224	12.217228	9.422100	0.355298
12.389278	9.286181	0.330018	12.235979	9.429057	0.355398
12.407609	9.292460	0.331027	12.254729	9.436016	0.355498
12.427920	9.299440	0.332104	12.273479	9.442977	0.355598
12.442596	9.304502	0.331736	12.292228	9.449940	0.355698
12.463820	9.311813	0.331959	12.310976	9.456905	0.355798
12.482695	9.318320	0.332914	12.329723	9.463872	0.355898
12.503912	9.325656	0.333665	12.348470	9.470841	0.355998
12.521737	9.331835	0.331965	12.367216	9.477811	0.356098
12.540739	9.338385	0.333271	12.386238	9.484490	0.356157
12.561021	9.345406	0.334777	12.404983	9.491463	0.356257
12.580677	9.352244	0.335023	12.423727	9.498439	0.356357
12.601734	9.359575	0.336822	12.442471	9.505416	0.356457
12.619413	9.365765	0.338075	12.461213	9.512395	0.356557
12.638981	9.372645	0.339139	12.479955	9.519376	0.356657
12.660061	9.380082	0.338548	12.498697	9.526359	0.356757
12.681259	9.387545	0.338606	12.517437	9.533344	0.356857
12.702860	9.395153	0.338794	12.536177	9.540330	0.356957
12.719004	9.400842	0.337886	12.554917	9.547319	0.357057
12.738555	9.407711	0.339485	12.710063	9.402006	0.335778
12.757644	9.414452	0.338567	12.728946	9.408596	0.335878
12.778654	9.421851	0.338819	12.747829	9.415188	0.335978
12.799128	9.429066	0.339707	12.766710	9.421782	0.336078
12.815062	9.434697	0.338529	12.785591	9.428377	0.336178
12.835187	9.441782	0.338559	12.804472	9.434975	0.336278
12.854521	9.448590	0.339063	12.823352	9.441574	0.336378
12.868973	9.453687	0.339816	12.842231	9.448176	0.336478
12.891058	9.461495	0.338515	12.861109	9.454779	0.336578
12.908327	9.467575	0.337679	12.879987	9.461384	0.336678
12.930792	9.475463	0.337308	12.924391	9.437426	0.332443
12.948930	9.481824	0.339965	12.943296	9.443953	0.332543
12.968373	9.488701	0.339084	12.962200	9.450482	0.332643
12.986059	9.494939	0.339118	12.981104	9.457012	0.332743
13.004198	9.501337	0.338480	13.000007	9.463545	0.332843
13.020384	9.507035	0.338377	13.018909	9.470080	0.332943
13.038611	9.513450	0.339676	13.037811	9.476616	0.333043
13.057540	9.520139	0.341427	13.056712	9.483155	0.333143
13.078089	9.527441	0.340959	13.075612	9.489695	0.333243
13.098327	9.534621	0.339724	13.094512	9.496237	0.333343
13.115286	9.540615	0.341197	13.097371	9.522941	0.336290
13.136511	9.548152	0.341466	13.116251	9.529541	0.336390
13.158010	9.555792	0.342178	13.135130	9.536143	0.336490
13.175496	9.562021	0.342901	13.154008	9.542746	0.336590
13.196034	9.569353	0.343208	13.172886	9.549352	0.336690
13.214505	9.575953	0.344329	13.191763	9.555959	0.336790
13.233730	9.582848	0.344222	13.210639	9.562568	0.336890
13.251538	9.589232	0.345644	13.229515	9.569179	0.336990
13.269369	9.595653	0.346221	13.248390	9.575792	0.337090
13.290450	9.603258	0.347613	13.267264	9.582407	0.337190
13.306953	9.609237	0.347454	13.258810	9.624839	0.342313
13.326768	9.616413	0.347571	13.277649	9.631552	0.342413
13.340803	9.621498	0.348956	13.296488	9.638267	0.342513
13.361189	9.628915	0.349064	13.315326	9.644984	0.342613
13.376174	9.634369	0.347691	13.334164	9.651703	0.342713
13.394396	9.640973	0.346641	13.353001	9.658424	0.342813
13.417912	9.649468	0.344611	13.371837	9.665147	0.342913
13.436724	9.656220	0.346231	13.390673	9.671872	0.343013
13.459573	9.664463	0.346824	13.409508	9.678598	0.343113
13.483984	9.673286	0.347367	13.428342	9.685327	0.343213
13.500982	9.679440	0.347674	13.501852	9.617453	0.332910
13.520506	9.686515	0.347423	13.520754	9.623989	0.333010
13.538426	9.693004	0.347831	13.539655	9.630527	0.333110
13.558162	9.700160	0.346173	13.558556	9.637066	0.333210
13.577416	9.707105	0.348401	13.577456	9.643608	0.333310
13.595076	9.713520	0.347094	13.596355	9.650151	0.333410
13.611629	9.719507	0.347179	13.615254	9.656697	0.333510
13.628653	9.725667	0.347233	13.634152	9.663244	0.333610
13.648089	9.732701	0.346862	13.653049	9.669793	0.333710
13.668895	9.740222	0.348132	13.671946	9.676344	0.333810
13.687852	9.747102	0.348251	13.679763	9.698845	0.336144
13.707081	9.754083	0.347334	13.698644	9.705442	0.336244
13.728597	9.761872	0.345909	13.717524	9.712041	0.336344
13.745761	9.768058	0.345844	13.736403	9.718641	0.336444
13.765166	9.775050	0.345363	13.755282	9.725244	0.336544
13.784618	9.782048	0.345236	13.774160	9.731849	0.336644
13.800331	9.787699	0.343102	13.793037	9.738455	0.336744
13.817637	9.793881	0.341977	13.811914	9.745063	0.336844
13.836059	9.800439	0.342154	13.830790	9.751673	0.336944
13.854770	9.807103	0.341444	13.849665	9.758286	0.337044
13.871543	9.813064	0.343497	13.826069	9.828658	0.346055
13.889617	9.819528	0.343835	13.844883	9.835441	0.346155
13.911036	9.827198	0.344335	13.863697	9.842227	0.346255
13.929715	9.833896	0.343195	13.882510	9.849015	0.346355
13.952504	9.842039	0.342068	13.901322	9.855804	0.346455
13.968997	9.847912	0.341566	13.920134	9.862595	0.346555
13.987194	9.854381	0.340906	13.938945	9.869389	0.346655
14.000782	9.859201	0.341467	13.957755	9.876184	0.346755
14.019857	9.865981	0.339602	13.976565	9.882981	0.346855
14.036996	9.872036	0.339609	13.995374	9.889780	0.346955
14.058920	9.879781	0.338303	14.059022	9.826743	0.337322
14.080586	9.887404	0.336028	14.077895	9.833362	0.337422
14.099719	9.894087	0.338134	14.096767	9.839983	0.337522
14.116510	9.899991	0.339432	14.115639	9.846606	0.337622
14.133491	9.905987	0.340738	14.134509	9.853231	0.337722
14.147423	9.910927	0.341049	14.153380	9.859858	0.337822
14.165122	9.917209	0.340836	14.172249	9.866487	0.337922
14.182555	9.923392	0.341557	14.191118	9.873117	0.338022
14.201633	9.930174	0.341411	14.209986	9.879750	0.338122
14.221268	9.937150	0.342334	14.228854	9.886384	0.338222
14.241033	9.944194	0.342753	14.211277	9.952831	0.346721
14.262150	9.951729	0.342569	14.230087	9.959627	0.346821
14.281921	9.958780	0.342415	14.248896	9.966425	0.346921
14.299443	9.965026	0.342258	14.267704	9.973225	0.347021
14.320942	9.972686	0.341790	14.286512	9.980027	0.347121
14.336457	9.978205	0.342069	14.305319	9.986831	0.347221
14.352844	9.984040	0.343268	14.324126	9.993637	0.347321
14.368615	9.989677	0.344353	14.342931	10.000445	0.347421
14.389914	9.997316	0.344363	14.361736	10.007254	0.347521
14.410157	10.004576	0.344521	14.380541	10.014065	0.347621
14.432656	10.012649	0.345570	14.388160	10.039924	0.350396
14.449906	10.018859	0.344105	14.406945	10.046789	0.350496
14.466783	10.024908	0.345376	14.425729	10.053657	0.350596
14.486806	10.032112	0.346809	14.444512	10.060526	0.350696
14.503379	10.038102	0.348412	14.463295	10.067397	0.350796
14.524416	10.045743	0.348443	14.482077	10.074270	0.350896
14.543941	10.052836	0.349108	14.500858	10.081145	0.350996
14.565475	10.060674	0.349346	14.519639	10.088021	0.351096
14.581694	10.066583	0.348664	14.538419	10.094900	0.351196
14.600069	10.073262	0.350753	14.557198	10.101780	0.351296
14.619859	10.080503	0.350128	14.620444	10.029710	0.340256
14.638995	10.087491	0.350450	14.639298	10.036385	0.340356
14.660041	10.095184	0.350543	14.658150	10.043061	0.340456
14.679454	10.102282	0.350221	14.677003	10.049740	0.340556
14.702321	10.110635	0.351896	14.695854	10.056420	0.340656
14.723564	10.118435	0.351023	14.714705	10.063102	0.340756
14.739381	10.124227	0.353181	14.733555	10.069786	0.340856
14.758349	10.131220	0.352090	14.752404	10.076472	0.340956
14.780102	10.139212	0.352410	14.771253	10.083160	0.341056
14.799218	10.146242	0.352196	14.790101	10.089849	0.341156
14.817901	10.153108	0.353223	14.837859	10.042477	0.333549
14.833793	10.158967	0.352561	14.856757	10.049025	0.333649
14.854641	10.166638	0.354150	14.875654	10.055575	0.333749
14.872789	10.173348	0.354218	14.894550	10.062127	0.333849
14.892892	10.180782	0.354417	14.913446	10.068680	0.333949
14.911838	10.187793	0.354672	14.932341	10.075236	0.334049
14.932087	10.195292	0.355594	14.951235	10.081793	0.334149
14.949124	10.201619	0.355214	14.970129	10.088353	0.334249
14.971323	10.209854	0.354973	14.989022	10.094914	0.334349
14.990426	10.216935	0.354966	15.007915	10.101477	0.334449
15.012444	10.225096	0.354631	14.983800	10.192393	0.346672
15.032208	10.232415	0.354035	15.002610	10.199188	0.346772
15.048700	10.238510	0.354290	15.021419	10.205986	0.346872
15.067577	10.245493	0.355669	15.040228	10.212785	0.346972
15.083984	10.251588	0.356190	15.059036	10.219586	0.347072
15.104265	10.259133	0.356721	15.077844	10.226389	0.347172
15.124282	10.266593	0.355911	15.096651	10.233194	0.347272
15.141717	10.273074	0.355019	15.115457	10.240000	0.347372
15.157213	10.278819	0.355782	15.134262	10.246809	0.347472
15.178038	10.286557	0.354781	15.153067	10.253619	0.347572
15.196471	10.293386	0.355081	15.193811	10.215964	0.341261
15.214135	10.299936	0.355127	15.212658	10.222658	0.341361
15.234432	10.307463	0.354146	15.231504	10.229353	0.341461
15.254813	10.314998	0.352572	15.250349	10.236051	0.341561
15.272916	10.321659	0.351343	15.269194	10.242750	0.341661
15.291505	10.328473	0.353653	15.288038	10.249451	0.341761
15.308654	10.334804	0.353821	15.306881	10.256154	0.341861
15.329268	10.342418	0.352276	15.325724	10.262859	0.341961
15.346677	10.348818	0.353196	15.344566	10.269565	0.342061
15.365823	10.355876	0.354088	15.363407	10.276274	0.342161
15.382927	10.362199	0.353140	15.390066	10.266389	0.339844
15.400545	10.368693	0.354188	15.408922	10.273056	0.339944
15.418782	10.375437	0.355313	15.427777	10.279725	0.340044
15.439083	10.382969	0.355825	15.446632	10.286395	0.340144
15.455583	10.389101	0.354231	15.465486	10.293068	0.340244
15.472392	10.395318	0.354097	15.484340	10.299742	0.340344
15.489454	10.401625	0.354252	15.503193	10.306418	0.340444
15.507506	10.408302	0.353750	15.522045	10.313097	0.340544
15.526077	10.415160	0.354915	15.540896	10.319777	0.340644
15.542742	10.421336	0.355412	15.559747	10.326459	0.340744
15.561138	10.428164	0.355983	15.600820	10.283931	0.333616
15.581327	10.435671	0.356318	15.619717	10.290481	0.333716
15.598989	10.442245	0.357876	15.638614	10.297032	0.333816
15.615808	10.448535	0.358779	15.657510	10.303585	0.333916
15.634199	10.455432	0.357822	15.676405	10.310140	0.334016
15.653493	10.462646	0.356435	15.695300	10.316696	0.334116
15.671475	10.469341	0.353219	15.714194	10.323255	0.334216
15.687562	10.475273	0.352016	15.733087	10.329816	0.334316
15.708629	10.483011	0.352833	15.751980	10.336378	0.334416
15.727886	10.490102	0.351906	15.770872	10.342943	0.334516
15.747547	10.497321	0.350200	15.808208	10.306789	0.328278
15.767185	10.504494	0.349561	15.827140	10.313237	0.328378
15.783080	10.510288	0.347839	15.846072	10.319687	0.328478
15.800579	10.516633	0.347512	15.865002	10.326139	0.328578
15.819896	10.523630	0.347252	15.883932	10.332593	0.328678
15.838814	10.530477	0.347127	15.902862	10.339049	0.328778
15.861613	10.538725	0.346751	15.921790	10.345507	0.328878
15.881255	10.545822	0.346573	15.940719	10.351966	0.328978
15.899960	10.552578	0.345733	15.959646	10.358428	0.329078
15.918994	10.559434	0.346094	15.978573	10.364891	0.329178
15.939794	10.566935	0.346657	15.985268	10.400937	0.333709
15.960785	10.574518	0.348887	16.004165	10.407488	0.333809
15.981181	10.581937	0.349345	16.023061	10.414041	0.333909
15.997197	10.587771	0.351936	16.041957	10.420595	0.334009
16.012335	10.593330	0.353257	16.060851	10.427152	0.334109
16.032267	10.600680	0.354112	16.079745	10.433711	0.334209
16.051717	10.607870	0.355319	16.098639	10.440271	0.334309
16.072795	10.615692	0.354710	16.117531	10.446833	0.334409
16.093558	10.623382	0.354032	16.136424	10.453398	0.334509
16.109837	10.629399	0.354168	16.155315	10.459964	0.334609
16.127838	10.636055	0.354649	16.189118	10.429160	0.329065
16.148329	10.643642	0.352998	16.208045	10.435624	0.329165
16.166079	10.650182	0.352406	16.226971	10.442089	0.329265
16.182688	10.656290	0.351528	16.245897	10.448556	0.329365
16.200323	10.662758	0.351135	16.264822	10.455024	0.329465
16.218690	10.669486	0.350126	16.283746	10.461495	0.329565
16.240677	10.677515	0.349696	16.302670	10.467968	0.329665
16.259166	10.684258	0.350715	16.321593	10.474442	0.329765
16.278286	10.691253	0.351436	16.340515	10.480919	0.329865
16.295256	10.697475	0.351571	16.359437	10.487397	0.329965
16.315332	10.704839	0.351277	16.340284	10.593339	0.345243
16.332444	10.711110	0.351595	16.359104	10.600107	0.345343
16.350535	10.717746	0.352345	16.377923	10.606878	0.345443
16.366309	10.723546	0.352746	16.396741	10.613650	0.345543
16.386496	10.730978	0.353336	16.415559	10.620424	0.345643
16.404153	10.737490	0.353081	16.434376	10.627200	0.345743
16.423816	10.744736	0.352311	16.453193	10.633978	0.345843
16.443726	10.752057	0.352878	16.472009	10.640758	0.345943
16.462035	10.758800	0.353193	16.490824	10.647539	0.346043
16.481101	10.765828	0.353590	16.509638	10.654323	0.346143
16.497568	10.771906	0.353502	16.531628	10.652585	0.344931
16.516642	10.778944	0.356647	16.550450	10.659347	0.345031
16.540603	10.787872	0.356460	16.569271	10.666112	0.345131
16.557180	10.794045	0.355889	16.588091	10.672878	0.345231
16.575931	10.801015	0.354998	16.606911	10.679647	0.345331
16.595850	10.808399	0.355187	16.625731	10.686417	0.345431
16.614958	10.815486	0.354158	16.644549	10.693189	0.345531
16.633391	10.822302	0.351942	16.663367	10.699963	0.345631
16.652752	10.829412	0.350204	16.682184	10.706739	0.345731
16.672361	10.836574	0.349700	16.701001	10.713516	0.345831
16.691025	10.843381	0.350309	16.743940	10.653106	0.335474
16.705632	10.848718	0.351750	16.762825	10.659690	0.335574
16.723295	10.855200	0.352344	16.781709	10.666276	0.335674
16.742664	10.862322	0.352554	16.800593	10.672864	0.335774
16.759571	10.868543	0.352612	16.819476	10.679454	0.335874
16.776345	10.874715	0.354030	16.838359	10.686046	0.335974
16.793752	10.881149	0.354316	16.857240	10.692640	0.336074
16.812286	10.888005	0.352959	16.876122	10.699236	0.336174
16.831579	10.895112	0.353478	16.895002	10.705833	0.336274
16.850454	10.902077	0.353109	16.913882	10.712433	0.336374
16.871046	10.909666	0.353202	16.926931	10.735962	0.339139
16.891097	10.917058	0.353925	16.945792	10.742616	0.339239
16.910716	10.924307	0.352429	16.964652	10.749271	0.339339
16.932437	10.932296	0.352919	16.983512	10.755928	0.339439
16.950113	10.938806	0.355155	17.002370	10.762587	0.339539
16.967303	10.945182	0.354191	17.021229	10.769248	0.339639
16.985419	10.951881	0.352512	17.040086	10.775911	0.339739
17.005057	10.959105	0.355126	17.058943	10.782576	0.339839
17.026213	10.966951	0.354882	17.077799	10.789243	0.339939
17.043806	10.973470	0.355119	17.096655	10.795912	0.340039
17.066989	10.982068	0.355133	17.109654	10.820136	0.342933
17.086608	10.989344	0.355449	17.128490	10.826861	0.343033
17.104165	10.995861	0.354745	17.147324	10.833588	0.343133
17.119938	11.001704	0.354948	17.166158	10.840316	0.343233
17.139896	11.009101	0.352942	17.184992	10.847047	0.343333
17.160616	11.016733	0.354747	17.203825	10.853780	0.343433
17.177669	11.023050	0.352981	17.222657	10.860514	0.343533
17.196959	11.030157	0.353089	17.241488	10.867250	0.343633
17.218132	11.037960	0.354596	17.260319	10.873989	0.343733
17.236772	11.044861	0.353335	17.279149	10.880729	0.343833
17.252838	11.050786	0.355063	17.281102	10.939636	0.352324
17.274971	11.058993	0.355763	17.299874	10.946537	0.352424
17.292610	11.065547	0.356362	17.318644	10.953441	0.352524
17.311259	11.072489	0.356099	17.337415	10.960346	0.352624
17.329626	11.079321	0.354635	17.356184	10.967254	0.352724
17.349631	11.086728	0.355789	17.374953	10.974163	0.352824
17.367622	11.093414	0.355765	17.393721	10.981074	0.352924
17.384801	11.099797	0.357465	17.412488	10.987987	0.353024
17.404502	11.107156	0.358526	17.431255	10.994901	0.353124
17.418997	11.112587	0.359779	17.450021	11.001818	0.353224
17.436610	11.119212	0.359248	17.488765	10.945380	0.343020
17.455569	11.126332	0.360130	17.507600	10.952107	0.343120
17.472744	11.132800	0.358681	17.526434	10.958835	0.343220
17.490742	11.139547	0.357858	17.545268	10.965566	0.343320
17.510426	11.146908	0.356858	17.564100	10.972298	0.343420
17.529708	11.154097	0.357431	17.582933	10.979032	0.343520
17.546189	11.160252	0.358080	17.601764	10.985768	0.343620
17.562623	11.166402	0.357709	17.620595	10.992506	0.343720
17.579336	11.172649	0.359244	17.639425	10.999246	0.343820
17.598787	11.179954	0.361195	17.658254	11.005988	0.343920
17.618626	11.187448	0.360481	17.681057	10.999674	0.341872
17.637911	11.194718	0.362943	17.699900	11.006379	0.341972
17.657275	11.202072	0.363493	17.718741	11.013086	0.342072
17.676114	11.209238	0.362269	17.737583	11.019795	0.342172
17.694630	11.216255	0.362059	17.756423	11.026505	0.342272
17.712471	11.223013	0.361722	17.775263	11.033218	0.342372
17.732789	11.230700	0.360591	17.794102	11.039932	0.342472
17.750457	11.237363	0.360104	17.812941	11.046649	0.342572
17.766521	11.243411	0.361751	17.831779	11.053367	0.342672
17.787165	11.251223	0.361265	17.850616	11.060087	0.342772
17.805540	11.258166	0.361577	17.870925	11.061829	0.342044
17.825353	11.265659	0.362439	17.889766	11.068537	0.342144
17.848149	11.274303	0.362748	17.908607	11.075247	0.342244
17.863270	11.280042	0.362001	17.927447	11.081959	0.342344
17.878738	11.285900	0.361650	17.946286	11.088673	0.342444
17.898714	11.293456	0.361316	17.965125	11.095389	0.342544
17.918813	11.301052	0.362366	17.983963	11.102107	0.342644
17.935963	11.307554	0.361878	18.002801	11.108826	0.342744
17.956015	11.315144	0.362395	18.021637	11.115548	0.342844
17.976623	11.322958	0.363065	18.040473	11.122271	0.342944
17.995580	11.330159	0.364209	18.042297	11.188093	0.352977
18.013554	11.337011	0.363200	18.061064	11.195007	0.353077
18.031224	11.343727	0.362562	18.079830	11.201923	0.353177
18.051334	11.351355	0.361652	18.098595	11.208841	0.353277
18.069289	11.358148	0.360000	18.117360	11.215760	0.353377
18.087674	11.365068	0.358856	18.136124	11.222682	0.353477
18.106620	11.372175	0.358897	18.154888	11.229605	0.353577
18.126613	11.379675	0.357395	18.173651	11.236530	0.353677
18.143981	11.386160	0.357985	18.192413	11.243457	0.353777
18.161719	11.392796	0.357703	18.211174	11.250386	0.353877
18.177917	11.398851	0.357219	18.226297	11.270189	0.356165
18.191673	11.403985	0.357987	18.245042	11.277162	0.356265
18.208711	11.410359	0.357372	18.263786	11.284138	0.356365
18.224616	11.416298	0.356802	18.282529	11.291115	0.356465
18.241068	11.422430	0.357939	18.301272	11.298094	0.356565
18.258595	11.428987	0.358614	18.320014	11.305076	0.356665
18.276593	11.435733	0.359882	18.338755	11.312059	0.356765
18.295311	11.442775	0.360270	18.357496	11.319044	0.356865
18.313525	11.449637	0.360010	18.376236	11.326030	0.356965
18.334027	11.457354	0.359859	18.394975	11.333019	0.357065
18.350173	11.463429	0.360145	18.417927	11.324786	0.354549
18.367728	11.470040	0.360355	18.436683	11.331729	0.354649
18.386854	11.477247	0.359752	18.455439	11.338675	0.354749
18.404021	11.483703	0.359580	18.474193	11.345622	0.354849
18.419554	11.489543	0.359938	18.492947	11.352571	0.354949
18.440979	11.497605	0.360674	18.511701	11.359522	0.355049
18.460212	11.504860	0.361259	18.530453	11.366474	0.355149
18.478462	11.511755	0.361636	18.549205	11.373429	0.355249
18.496424	11.518550	0.361352	18.567956	11.380385	0.355349
18.516648	11.526193	0.362166	18.586707	11.387344	0.355449
18.535635	11.533387	0.362055	18.589471	11.453327	0.365801
18.556367	11.541239	0.360770	18.608148	11.460481	0.365901
18.576417	11.548804	0.359961	18.626824	11.467637	0.366001
18.596160	11.556234	0.359480	18.645499	11.474794	0.366101
18.615822	11.563623	0.359441	18.664174	11.481954	0.366201
18.638952	11.572315	0.359390	18.682847	11.489115	0.366301
18.659571	11.580062	0.360109	18.701521	11.496279	0.366401
18.681685	11.588388	0.360434	18.720193	11.503444	0.366501
18.700744	11.595572	0.359924	18.738865	11.510611	0.366601
18.719758	11.602727	0.360100	18.757536	11.517780	0.366701
18.735415	11.608622	0.361586	18.768291	11.554532	0.371997
18.755577	11.616247	0.361354	18.786923	11.561802	0.372097
18.772888	11.622790	0.359866	18.805554	11.569073	0.372197
18.790520	11.629424	0.360043	18.824185	11.576346	0.372297
18.805926	11.635224	0.361551	18.842814	11.583622	0.372397
18.822609	11.641533	0.361400	18.861444	11.590899	0.372497
18.842889	11.649199	0.362444	18.880072	11.598177	0.372597
18.860198	11.655762	0.362979	18.898700	11.605458	0.372697
18.878010	11.662528	0.360989	18.917327	11.612741	0.372797
18.898475	11.670254	0.360819	18.935953	11.620025	0.372897
18.921189	11.678824	0.360392	18.954965	11.625848	0.372737
18.939252	11.685632	0.359728	18.973592	11.633131	0.372837
18.960565	11.693647	0.360170	18.992218	11.640416	0.372937
18.978695	11.700475	0.362306	19.010843	11.647703	0.373037
18.999357	11.708307	0.363814	19.029467	11.654992	0.373137
19.017493	11.715212	0.363996	19.048091	11.662283	0.373237
19.036717	11.722536	0.364334	19.066714	11.669576	0.373337
19.054014	11.729132	0.365348	19.085337	11.676870	0.373437
19.071112	11.735672	0.367839	19.103958	11.684167	0.373537
19.090479	11.743136	0.368726	19.122579	11.691465	0.373637
19.107339	11.749651	0.367243	19.136738	11.715878	0.376810
19.127408	11.757371	0.368229	19.155335	11.723237	0.376910
19.143131	11.763438	0.367624	19.173931	11.730598	0.377010
19.162534	11.770910	0.367482	19.192526	11.737960	0.377110
19.181816	11.778333	0.367846	19.211121	11.745325	0.377210
19.202537	11.786319	0.366934	19.229715	11.752692	0.377310
19.219992	11.793027	0.366450	19.248308	11.760060	0.377410
19.239902	11.800669	0.366429	19.266901	11.767430	0.377510
19.254748	11.806366	0.368209	19.285492	11.774803	0.377610
19.271548	11.812847	0.369094	19.304083	11.782177	0.377710
19.292589	11.820987	0.367835	19.310119	11.838169	0.386633
19.310402	11.827851	0.367765	19.328643	11.845710	0.386733
19.330647	11.835652	0.368250	19.347166	11.853253	0.386833
19.349007	11.842736	0.368236	19.365688	11.860798	0.386933
19.365465	11.849086	0.368049	19.384209	11.868345	0.387033
19.385151	11.856677	0.368552	19.402730	11.875894	0.387133
19.406308	11.864848	0.367846	19.421250	11.883445	0.387233
19.424634	11.871911	0.368595	19.439769	11.890998	0.387333
19.443597	11.879235	0.368334	19.458287	11.898552	0.387433
19.459982	11.885559	0.367017	19.476805	11.906108	0.387533
19.478915	11.892838	0.369597	19.500142	11.894927	0.384194
19.496247	11.899552	0.369065	19.518684	11.902424	0.384294
19.513215	11.906115	0.370281	19.537226	11.909922	0.384394
19.535540	11.914781	0.369589	19.555766	11.917422	0.384494
19.551916	11.921125	0.368892	19.574306	11.924923	0.384594
19.571521	11.928704	0.368773	19.592845	11.932427	0.384694
19.591227	11.936320	0.368066	19.611383	11.939933	0.384794
19.609931	11.943532	0.369805	19.629921	11.947440	0.384894
19.629789	11.951230	0.370407	19.648458	11.954949	0.384994
19.650176	11.959147	0.370891	19.666994	11.962460	0.385094
19.668355	11.966217	0.372074	19.685151	11.971455	0.385469
19.687730	11.973778	0.371045	19.703683	11.978975	0.385569
19.708606	11.981900	0.371505	19.722215	11.986497	0.385669
19.730545	11.990447	0.371172	19.740746	11.994020	0.385769
19.747537	11.997061	0.369898	19.759276	12.001546	0.385869
19.766016	12.004226	0.370729	19.777805	12.009073	0.385969
19.786872	12.012333	0.369953	19.796334	12.016602	0.386069
19.801834	12.018135	0.369183	19.814862	12.024133	0.386169
19.818870	12.024727	0.369051	19.833389	12.031666	0.386269
19.836924	12.031709	0.369488	19.851916	12.039201	0.386369
19.855614	12.038948	0.369161	19.868883	12.052876	0.387619
19.879111	12.048039	0.368792	19.887399	12.060435	0.387719
19.901769	12.056795	0.367767	19.905914	12.067997	0.387819
19.921321	12.064329	0.368154	19.924429	12.075560	0.387919
19.939658	12.071402	0.367283	19.942943	12.083125	0.388019
19.960285	12.079338	0.369790	19.961456	12.090693	0.388119
19.979163	12.086656	0.370112	19.979969	12.098262	0.388219
19.998517	12.094165	0.368621	19.998480	12.105832	0.388319
20.015313	12.100653	0.368808	20.016991	12.113405	0.388419
20.034236	12.107966	0.369335	20.035502	12.120979	0.388519
20.051119	12.114502	0.370830	20.058549	12.110644	0.385232
20.068905	12.121417	0.373398	20.077083	12.118160	0.385332
20.086325	12.128242	0.373452	20.095617	12.125677	0.385432
20.107240	12.136437	0.373815	20.114149	12.133196	0.385532
20.126148	12.143854	0.373743	20.132681	12.140717	0.385632
20.143555	12.150681	0.372982	20.151213	12.148240	0.385732
20.163581	12.158517	0.372632	20.169743	12.155765	0.385832
20.182180	12.165787	0.372942	20.188273	12.163292	0.385932
20.202166	12.173607	0.374837	20.206802	12.170820	0.386032
20.221636	12.181267	0.375416	20.225330	12.178350	0.386132
20.240489	12.188697	0.376054	20.237711	12.210215	0.390876
20.257262	12.195320	0.377232	20.256203	12.217835	0.390976
20.273822	12.201881	0.376664	20.274694	12.225457	0.391076
20.293639	12.209719	0.375661	20.293184	12.233080	0.391176
20.314207	12.217831	0.376332	20.311673	12.240706	0.391276
20.334592	12.225887	0.375977	20.330161	12.248333	0.391376
20.351911	12.232724	0.376247	20.348649	12.255963	0.391476
20.370495	12.240066	0.375855	20.367136	12.263594	0.391576
20.389911	12.247727	0.375976	20.385622	12.271227	0.391676
20.408013	12.254873	0.376548	20.404108	12.278861	0.391776
20.429241	12.263267	0.374845	20.417727	12.305710	0.395578
20.448711	12.270928	0.375025	20.436182	12.313417	0.395678
20.467148	12.278185	0.375357	20.454637	12.321126	0.395778
20.484281	12.284936	0.375525	20.473091	12.328836	0.395878
20.505349	12.293242	0.376584	20.491544	12.336548	0.395978
20.525484	12.301205	0.376406	20.509996	12.344263	0.396078
20.546112	12.309358	0.374852	20.528448	12.351979	0.396178
20.561930	12.315582	0.376449	20.546899	12.359697	0.396278
20.581497	12.323317	0.377171	20.565349	12.367416	0.396378
20.601927	12.331410	0.378375	20.583798	12.375138	0.396478
20.619468	12.338382	0.380039	20.607266	12.363122	0.392737
20.639158	12.346248	0.379927	20.625743	12.370776	0.392837
20.656850	12.353313	0.379725	20.644220	12.378432	0.392937
20.675041	12.360573	0.380198	20.662695	12.386090	0.393037
20.694687	12.368424	0.381791	20.681170	12.393750	0.393137
20.710620	12.374821	0.381829	20.699645	12.401412	0.393237
20.727468	12.381586	0.382709	20.718118	12.409076	0.393337
20.745857	12.388989	0.381798	20.736591	12.416741	0.393437
20.762932	12.395844	0.381081	20.755063	12.424408	0.393537
20.781402	12.403245	0.381809	20.773534	12.432077	0.393637
20.799435	12.410485	0.383109	20.774986	12.506580	0.406860
20.818616	12.418215	0.382860	20.793354	12.514495	0.406960
20.836058	12.425240	0.382994	20.811720	12.522411	0.407060
20.855520	12.433081	0.383250	20.830086	12.530329	0.407160
20.874951	12.440915	0.382833	20.848451	12.538249	0.407260
20.896368	12.449540	0.382043	20.866815	12.546171	0.407360
20.918356	12.458374	0.382066	20.885179	12.554095	0.407460
20.939612	12.466915	0.381948	20.903541	12.562021	0.407560
20.958770	12.474610	0.382858	20.921903	12.569948	0.407660
20.976955	12.481934	0.384105	20.940264	12.577877	0.407760
20.996661	12.489899	0.384661	20.948174	12.626378	0.415910
