 0.867537
 0.494649
 0.650586
 0.679604
 0.645002
 0.770767
 0.523808
  1.04056
  0.38071
 0.789847
 0.596519
 0.913063
 0.844053
 0.968201
  2.16464
  4.97759
  8.66744
  8.21003
  6.51509
  3.68268
-0.238791
 0.490124
 0.518359
 0.759767
    0.576
 0.384885
  1.05114
  1.67931
  2.47595
  2.03934
  1.59998
 0.969097
  0.23479
 0.567453
 0.760255
 0.455297
 0.496565
 0.464998
 0.389878
  0.42124
 0.298781
 0.509538
  0.19572
 0.650663
 0.296612
 0.745535
  0.27381
 0.585187
 0.226713
 0.330988
 0.370846
 0.393657
 0.454125
 0.424967
  0.17318
 0.219381
 0.202624
 0.404292
  0.52159
 0.710812
 0.691058
 0.547437
 0.419713
 0.312943
0.0839179
  0.38559
 0.236992
 0.551135
 0.713316
 0.670598
 0.696075
 0.458061
 0.375017
 0.307967
 0.385057
 0.471204
 0.674529
 0.569425
  0.57675
 0.477298
 0.240484
 0.285985
 0.317373
  0.19902
 0.203667
 0.396207
 0.214184
 0.312106
 0.418869
 0.533173
   0.6386
 0.813013
 0.674535
 0.451015
 0.544142
 0.521583
 0.588207
 0.510676
 0.317263
   0.3231
 0.438775
 0.647866
 0.801453
 0.784154
 0.653736
  0.53269
 0.514596
 0.419743
 0.593904
 0.591712
 0.491366
 0.661462
 0.642705
 0.441265
 0.821563
 0.524931
 0.649886
 0.478955
 0.366011
  0.18934
 0.581515
 0.490047
 0.898542
 0.470638
 0.506781
 0.286266
 0.362071
 0.484759
 0.610985
 0.642134
 0.947873
 0.704748
 0.706856
 0.864907
  0.69991
 0.865775
  1.21782
 0.557813
  1.33711
  1.02458
  1.17267
  1.16066
   1.8621
  1.54128
  1.51337
  2.06795
  1.67385
   2.4224
  3.70754
   3.0716
  3.81834
  5.97187
  5.12071
  4.72123
  4.05075
 0.732914
 0.839555
 0.605446
 0.672479
 0.306874
 0.473437
 0.245079
 0.348258
 0.318296
 0.270111
 0.593833
 0.397465
 0.670604
  0.36866
 0.338022
 0.164273
 0.337542
 0.288245
  0.66076
 0.514941
 0.757851
 0.982271
 0.518009
  1.05606
 0.181378
  1.09828
 0.687251
   1.0066
  1.28142
  1.14721
  1.14677
  1.29635
  1.19857
  1.16339
  1.63865
     1.56
  1.96433
   1.5543
  1.62825
  1.25058
  1.75404
  2.25073
  2.63113
   2.7967
  2.08745
  1.83377
 0.890724
  1.60907
  1.40717
  2.11109
  2.41158
  2.36733
  2.46319
  1.91726
  1.99008
  2.03093
  1.97921
  2.29183
  1.81226
  2.03392
   1.4248
  1.86428
  1.49724
  1.59006
  1.24995
  1.98872
  1.87721
   1.6165
  2.19776
  1.76797
  1.86992
  3.28236
  3.11608
  4.02092
   3.0863
   3.3309
  2.85362
  3.13329
  3.68743
  4.30984
  4.20035
  5.03228
  4.89263
  5.70597
  5.81661
   6.6049
  6.92684
  7.13596
  6.83725
  6.36312
  9.43597
  16.9908
  24.8494
  24.5625
  25.1439
  16.2934
  11.1836
  8.84303
  7.15039
   5.5835
  4.53849
  4.35709
  2.56162
  1.86922
 0.942719
 0.904203
  1.66559
  2.27914
  3.42059
  3.99403
  4.91441
  6.10625
  7.42422
  10.4327
  14.2895
  20.3127
  26.0574
  25.5689
  19.8987
  13.9307
  5.87785
  4.15218
  4.19563
  3.98969
  2.89892
   2.8183
   1.8858
  1.68237
   1.2888
  1.50604
  1.99409
  1.97071
  2.65461
  2.23382
  2.51742
  2.71165
  3.64153
  4.19848
  5.62216
  7.54839
   6.7703
  9.66986
  11.3855
  13.8234
   16.481
  15.3078
  11.7152
  9.39211
  6.13649
  6.17708
  5.67506
  5.36171
  5.25368
  4.40721
  5.07656
  4.29842
  4.30727
  3.91894
  3.87368
  3.36781
  3.78209
  3.13819
  3.50557
  3.64595
  4.13073
  4.19927
  3.68544
  3.45886
  3.56244
  3.24432
  3.87005
  3.55422
  3.01589
  2.81405
   2.7855
  2.16958
  2.58173
  2.36713
  2.26351
  1.83518
  1.81005
  1.79962
  2.94767
  3.89529
  2.83282
  3.56525
  1.72079
  1.73758
  2.31514
  2.07399
  2.09283
  2.69748
  2.22032
  3.32389
  3.73013
  4.52899
  6.45394
  6.07602
  4.64001
  3.62951
  1.08325
  2.07662
  3.42949
  4.18519
  5.31918
  5.99629
  5.11204
  6.99596
   6.1617
  7.46578
   7.7196
  8.11131
  6.56714
   6.4232
   4.3001
  3.28687
  3.09994
  2.79402
  3.91884
  4.49095
  4.72289
  5.54282
  5.33082
  6.40818
   6.7147
  6.57996
  6.15206
  5.12849
  2.64637
   3.2656
  1.79582
  4.10057
  5.64017
  6.02484
  6.71538
  5.53254
  5.83204
   4.8947
   4.8503
  4.33794
  3.76442
   3.4909
  3.43469
  2.93505
  2.93906
  2.04089
  2.55873
  2.59751
  3.84702
   3.8976
  3.87718
  4.49708
  3.74788
  4.21145
  3.60368
  3.20053
  3.69591
  3.47925
  4.25848
  4.16332
   3.9838
  4.41812
  4.59235
  4.34015
  4.60361
  4.52606
  4.48617
  4.82695
  4.97806
  4.55317
  5.32235
  4.88113
  5.09156
  4.91848
  4.96242
  4.72448
  5.63549
  4.81656
  5.41825
  5.28967
   4.7194
  5.69023
  5.10599
   6.1973
  6.32981
  6.68833
   6.6585
  6.38579
  6.57235
   6.5834
  7.59667
   7.5742
  7.24428
  5.55111
  4.97801
   4.1955
  4.51032
  5.32598
  5.47566
  5.40452
  5.58916
  5.79192
  6.01869
  6.64562
  7.38409
  7.46739
  8.20294
   8.3469
  8.37554
  9.05375
  8.45817
  9.14703
  7.74156
  7.66525
   7.0119
   6.4597
  6.42327
  7.04749
   6.3189
  6.74363
  6.59415
  6.00369
  6.79261
    6.517
  6.57641
  6.78003
  6.53664
  6.50704
  6.70551
  6.11114
  6.16733
  5.52586
  5.62344
  5.48418
  5.02567
    5.018
  5.30524
  4.21166
  5.58681
  4.00184
  4.81725
  4.52196
   4.5925
  4.80768
  4.77044
  4.53973
   4.7886
  4.66273
  4.90517
  4.50913
  5.07973
  4.81003
  5.61207
  6.24983
   6.8308
  7.65178
  8.25063
  8.39737
  8.70075
  8.81129
  8.07828
  6.73625
  4.89715
  6.36634
  7.67021
   10.644
  13.8244
  13.6042
  14.1554
  12.7385
  11.4271
  9.09425
  6.96182
  5.96683
  5.80646
  3.31408
  4.08645
  2.04847
  2.15441
  2.01177
  2.28794
  2.63626
  2.41409
  3.16143
  2.38735
  2.53795
 0.899894
  1.19948
  1.63399
  1.36385
  2.67519
  2.64764
  3.04854
  3.22898
  4.32863
  4.29773
  5.15911
  5.45956
  6.47766
  7.49917
  8.85739
  8.73437
  7.59064
    6.684
  5.37198
  5.23311
  4.84324
  5.65282
  5.16687
  5.74096
  6.25936
  5.67717
   5.3675
   5.8452
  5.35639
  5.92922
  5.65856
  5.34116
  4.37547
  5.30583
  3.77936
   5.0446
  4.45925
  5.17002
   4.9126
  5.21623
   4.8378
  4.92068
  4.94427
  5.18257
  4.86572
  5.48776
  5.42013
   4.5312
  5.62151
  4.53855
  5.18553
  5.70133
  5.76697
  5.12317
  4.69383
  4.26274
  3.55558
  2.96292
  3.85251
  3.81102
  5.02477
  5.42009
  6.00351
  5.79364
  5.68152
  5.90956
  6.21128
   6.7768
  7.86888
  8.95752
  9.21848
  9.36175
  8.64944
  8.00381
  7.70478
  7.02296
  7.46862
  6.80284
    7.242
  6.86501
  6.75901
  6.93155
  6.60037
   6.7346
  6.96528
  6.48606
  6.47874
  6.55813
  6.06472
  6.66174
   7.3828
  8.71504
  9.98087
   10.674
   9.4096
  9.60832
  8.33026
   9.4583
  9.75303
  10.2058
  10.8844
   10.393
   11.385
  10.4176
  10.6284
  10.8728
  10.3642
   11.393
  10.7018
  10.7575
  10.5113
  9.68603
  8.98123
   7.6275
  6.34651
  5.33465
  5.44069
  5.16663
  5.02049
  5.19022
  4.31487
  4.96313
   4.7406
  5.70822
  6.35372
  6.69724
  7.83412
  7.73608
  8.27779
  7.91016
  8.47957
  7.35062
  7.35885
   6.7547
  5.44605
  5.24125
  4.25641
  3.83332
    3.954
  3.37353
  4.37939
  3.51486
  4.14336
  3.25404
  3.14871
  3.66042
  4.27827
  5.45844
  6.06334
  6.37215
  7.05054
  6.81026
  6.70373
  5.08301
  4.79839
  2.89655
  3.95598
  2.14445
  3.10134
  2.06531
  2.67014
  2.37647
  2.83422
  2.36553
  2.02869
  2.08215
   2.0123
   2.1436
  2.69124
   2.9755
  2.82788
  3.26826
  3.35016
   3.4739
   3.7299
  3.99582
  4.12527
  4.79677
  4.72143
  4.38678
  4.04692
  3.01901
  2.85658
  1.88387
  2.34339
  1.36251
  2.75576
  2.83346
  3.49721
  3.75248
  3.91776
  3.35524
  3.27976
  3.17041
  2.18532
  2.60179
    2.097
  2.36557
  2.28842
  2.48183
  2.24036
  2.58744
  2.23124
  2.54289
  2.50439
  2.71342
  2.29766
  2.95453
  2.18857
  2.84094
  3.00318
  2.63313
   3.0421
  2.78068
  2.33073
  2.65005
  2.42838
  2.56231
  2.71084
  3.54986
  2.49683
  3.85949
  2.69913
  3.33639
  2.71136
  3.20599
  2.48918
  3.30208
  2.89673
  3.72352
  3.53775
  4.22444
  4.38432
  4.36822
  5.30394
  4.65162
  5.41868
  5.10529
  5.24281
  5.05349
  5.15978
  4.57744
  4.29278
  3.61018
  3.26491
  2.85588
  1.99346
  1.22965
  1.47548
  1.14365
  1.85881
  2.57138
  2.34647
  2.90734
  2.52113
  2.35668
  1.87325
  1.59207
  1.43069
  1.80293
   2.3365
   1.9713
  2.94751
  3.05364
  2.77092
  3.06166
  2.73812
  2.62975
  2.30047
  2.69769
  2.49447
  2.29327
  3.36258
    2.558
  3.20282
  2.77425
  3.16679
  3.07876
  3.30499
  3.33342
  3.12833
  3.23926
  2.94214
  2.86746
  2.24202
  2.71196
  2.49423
  3.12819
  2.95209
  2.44879
  2.36836
  2.00007
  2.07834
  1.87451
  2.34726
  2.09035
  2.28441
  2.37977
  2.08004
  1.93299
  2.02971
  2.52458
  2.40411
  3.23062
  2.76611
  2.88783
  2.39973
  2.32283
   1.9751
  1.41621
  1.28477
  0.45605
 0.963893
  1.30633
  2.16941
   2.3325
  2.00435
  1.95324
  1.42177
  2.09391
   2.0324
  2.36529
  2.48646
  2.44352
  2.98922
  2.43811
  3.00959
  2.41418
  2.60717
  2.30261
  2.40996
  2.50094
  2.50048
  2.73627
  2.15356
  1.99739
  1.45283
  1.87236
  1.28518
  1.95194
  2.25054
  2.07018
  2.49565
  2.41475
  2.24619
  2.34313
  2.05461
  2.33168
  1.96334
  2.11841
  2.32911
  2.32611
  2.19103
  2.31848
  2.28922
  1.80826
  2.08281
   1.6983
  1.26466
  2.10697
  1.23074
  1.87183
  1.46349
  1.27671
  1.64536
  1.36248
  1.57101
  1.39239
   1.4453
  1.60603
  1.64809
  1.66597
  1.84489
  1.65157
  2.18555
   2.5881
  2.75416
  3.62682
  3.24969
  2.83551
  3.03287
  2.00898
  2.31183
  2.13804
  1.40828
  1.46368
 0.899234
 0.837242
 0.896179
 0.880246
  1.44746
 0.884022
  1.75557
  1.06117
  1.35725
  1.07096
 0.640922
 0.501802
 0.586443
 0.390829
 0.943851
 0.420613
 0.779394
  0.16502
 0.750663
 0.216134
 0.899144
 0.378955
  1.02061
    1.011
  1.11943
  1.84278
  1.41152
  1.50183
  1.85647
   1.7014
  3.00166
  2.52451
  2.30451
   1.8472
 0.982686
  1.22112
  1.39547
  1.28898
  1.41311
  1.98825
  1.60698
  2.35793
  1.65694
  2.20466
  1.82911
  1.59104
   1.9752
   1.2293
  1.40847
 0.956974
 0.570693
  0.72186
 0.726016
  0.75935
  1.73272
  1.71656
  2.65341
  2.76367
   3.1481
  2.67142
  1.91847
  2.02657
    1.361
  1.65656
  2.12399
  1.83313
  1.54935
  1.62262
  1.83464
  2.07672
  2.48799
  2.10659
  1.98561
  2.03269
  1.73513
  2.00942
  2.00766
  2.26969
  1.79541
  2.05672
  1.02503
  1.21226
 0.959503
  1.71685
  1.24295
  1.88506
  1.16645
  1.35819
  1.64543
  1.38859
  2.29528
  1.69178
  2.02961
  1.25488
  1.32288
 0.954401
  1.02302
  1.14591
  1.53674
  1.00209
    1.398
  1.56898
 0.988144
  1.61349
 0.959405
  1.22428
   1.2313
  1.75521
  1.92837
  1.91316
  1.90191
  1.56581
  1.91375
  1.77166
  1.46756
  2.35866
  1.69004
  1.88249
  2.56614
  1.84433
  2.22846
  2.48077
  2.49596
  2.50478
  2.91365
  2.63744
  2.67321
  2.92681
  2.73206
  2.81736
  3.32995
  2.22631
  3.16699
  2.73041
  2.57823
  2.90688
  1.65622
   2.2445
  1.15329
  1.87764
  1.63739
  1.13032
    1.566
 0.757503
  1.11906
 0.691872
 0.885834
  1.06754
  1.06758
  1.47557
  1.81811
   1.8253
   1.7742
  1.68415
  1.55505
  1.51086
  1.58453
  2.09114
  1.35547
  1.75146
  1.67643
  1.84273
  2.48262
  1.83027
  3.24238
  1.87456
  2.62475
   2.2993
  1.67472
  1.53897
  1.53066
 0.888946
  1.37554
  1.05115
  1.33367
 0.839005
  1.08477
  0.77656
 0.842764
 0.998791
  1.40187
 0.746181
  2.10457
  1.04369
   1.8183
  1.16951
  1.46666
  1.62436
  1.73494
  1.73839
  1.97431
   1.0742
  1.53415
  0.90319
 0.732256
  1.12573
  1.20549
  1.97318
  1.85022
  1.52312
  1.89808
 0.741145
   1.7297
 0.764254
  1.46537
  1.31668
  1.21972
  1.23602
  1.50965
  0.63298
  1.94122
    1.023
  1.00902
  1.04986
 0.635705
  1.09144
 0.538587
 0.813968
 0.321907
 0.668899
 0.682992
 0.707865
 0.596052
 0.463171
   0.3442
 0.747165
 0.596541
 0.653267
 0.624531
  0.61281
 0.306512
 0.676295
 0.172873
 0.173976
 0.391413
 0.572304
 0.620778
  1.10343
 0.526778
 0.997774
 0.837079
 0.932758
 0.940045
  1.00383
 0.973334
  1.46097
 0.989875
   1.9172
 0.903674
  1.85233
 0.991327
  1.37221
  1.18061
 0.810708
  1.38972
 0.786416
  1.24126
 0.991691
 0.891876
 0.617617
 0.600287
 0.440585
 0.817228
  1.37118
  1.01533
  1.47317
 0.862581
 0.603099
 0.844124
  1.37771
  1.33398
  2.43555
  2.18888
  2.37329
  2.44293
  2.06974
  2.54851
  2.20432
  2.33295
  2.72889
  1.89765
  2.56256
  2.07989
  2.59001
  2.08997
  2.58521
  1.67082
  1.62438
  1.62445
   1.8994
  1.91857
   2.4337
  2.45092
  2.28009
   2.5949
  2.17708
  1.92258
  1.87754
  1.36447
  1.93881
  1.90582
  1.97702
  2.35717
  1.99682
  2.09348
  1.96213
  2.08591
  1.61115
  1.74022
 0.747202
 0.901622
 0.635423
 0.786098
  1.50956
 0.828904
  1.14283
 0.576649
 0.639105
 0.499722
 0.584141
 0.694784
 0.876095
  1.13085
  1.08869
 0.907091
 0.867051
  1.04134
 0.805715
  1.53613
 0.889165
  1.16955
  1.42843
 0.806034
  1.28624
 0.440282
 0.724713
  0.47435
 0.581961
  1.06161
 0.915345
  1.35292
  1.04127
   1.3362
  1.18956
  1.54402
  1.28955
  1.37769
 0.748413
 0.838839
 0.381146
 0.530821
 0.357678
 0.599472
 0.750751
 0.893474
 0.518429
 0.693263
 0.321367
 0.509126
 0.697774
 0.472964
 0.672135
 0.449327
 0.694758
 0.685794
 0.696038
 0.675411
 0.607278
 0.664203
 0.552487
 0.667758
 0.831423
 0.459947
  1.25044
  1.38631
  1.09157
  1.31997
 0.996553
 0.235041
  1.21157
 0.998576
   1.1079
  1.11571
 0.917719
 0.246783
 0.520703
  0.70441
  0.50703
 0.936627
  1.19798
 0.354772
  1.53095
   1.2055
   1.8334
  2.02391
  1.96606
  1.58658
  1.42564
 0.858968
 0.500013
 0.360296
0.0142415
 0.325269
 0.458452
 0.243664
 0.782975
 0.328908
 0.835385
 0.750858
 0.516835
 0.753969
 0.255266
  0.77909
 0.694588
  1.03988
  1.06147
  1.02317
  1.11145
 0.771368
  1.21419
 0.532404
  1.15457
 0.349162
  0.98692
 0.342211
 0.620483
 0.651445
 0.390675
 0.767705
 0.620791
  1.12068
 0.844379
  1.01931
  1.56797
 0.589203
  1.48546
  0.47835
 0.853315
 0.578816
 0.896975
  1.59355
  1.42128
  2.17129
  2.22921
  1.91718
  2.43594
  1.59181
  2.05876
  1.42101
  1.96627
  1.20173
  2.02114
 0.961705
  1.42314
  1.56197
 0.790384
  1.79306
  1.00974
  1.52383
  1.61499
  1.04918
  1.35877
  1.23251
  1.19458
  1.09342
  1.53328
 0.784917
 0.924475
 0.805179
 0.590156
 0.598034
 0.700481
 0.899688
 0.562334
 0.656203
 0.582982
 0.418243
 0.632764
 0.501639
 0.548474
 0.794322
 0.227351
  1.14794
 0.318572
 0.677263
 0.281128
 0.490039
 0.247354
 0.651397
  0.42987
 0.555574
 0.310033
 0.605855
 0.672231
   0.8542
  1.15825
  1.51343
  1.20511
  1.89589
  1.28823
  2.02981
  1.83644
  2.11003
  2.02715
  2.56216
   1.8532
  2.85286
   2.7664
  2.51336
   3.2709
  3.04559
  3.25118
  2.94265
  3.32016
  2.19049
   2.1501
  2.45665
  1.57399
  2.13621
  1.79631
  1.15187
  1.72415
  1.31793
 0.997915
  1.41577
 0.951829
 0.901119
   1.3673
 0.962066
 0.607156
  1.17075
 0.450418
   1.1566
  1.53279
  1.59924
  2.55549
  2.10901
  2.15983
  2.50521
  1.86791
  2.34185
  2.27371
  1.94646
   2.0423
  1.86419
  1.87311
  1.91101
  1.43442
  1.71583
  1.35128
  1.77614
  1.48942
     1.81
  1.15518
  1.35369
 0.937843
  1.39747
  1.37918
  1.62633
  2.03514
  1.56708
   1.6644
   1.4743
  1.31661
   1.2318
  1.46959
 0.971913
  1.25444
  1.24306
  1.06094
  1.32255
  1.43754
  1.16313
  1.56553
  1.55534
  1.41302
  1.69104
    1.311
  1.47917
  2.01837
  1.53675
  2.38386
  1.63128
  2.27045
  1.94203
  2.13574
  1.84864
  2.00819
  2.10143
  1.81697
  1.81472
 0.732102
   1.1229
 0.672618
 0.933809
  1.00139
 0.536213
  1.00776
 0.815102
 0.701543
  1.01663
 0.376129
 0.457606
 0.490338
 0.224017
  0.98104
 0.769126
 0.779966
  1.18542
  0.48843
 0.743554
 0.722745
 0.581608
 0.764326
  1.12304
  1.23896
  1.28595
  1.24442
  1.43384
  1.19037
  1.65124
  1.64621
  1.24741
  1.33991
  1.17563
 0.602412
  1.01745
 0.511157
 0.635981
 0.302444
 0.608881
 0.597256
 0.513342
 0.654835
 0.471194
 0.368712
 0.586368
 0.400001
 0.601215
 0.553887
 0.372509
  1.29678
 0.481713
  1.10811
 0.784729
  1.02654
 0.735208
  1.39718
 0.741782
  1.10925
 0.995052
 0.562968
  1.09754
 0.644429
 0.733098
  0.90867
  0.79541
 0.685625
  1.26493
 0.826808
  1.22516
  1.41193
  1.60876
  1.30818
   1.7379
   1.3833
  1.67996
  1.95486
  1.84924
  1.70592
  1.38033
  1.33309
  1.25513
  1.71174
  1.36123
  2.15979
  1.47442
  1.56966
  1.62825
  1.71629
  1.31355
  1.73282
  1.12607
  1.25125
  1.26336
 0.930944
  1.37006
  1.25238
  1.23158
   1.3181
  1.07167
  1.17384
 0.693438
  1.42321
 0.867084
 0.923025
   1.5919
 0.735766
  1.46836
 0.740008
  1.44709
  1.10617
  1.02945
  1.13563
 0.802053
 0.715683
  1.20104
 0.846601
  1.09991
  1.03917
  0.92582
 0.811326
  1.08075
 0.642604
 0.944852
 0.740747
 0.972285
 0.617456
  1.35023
  0.62277
 0.706716
 0.735616
 0.575188
 0.594239
  1.20315
 0.551345
 0.830925
 0.397957
 0.214612
 0.549399
 0.192424
 0.893754
 0.257927
  1.03466
 0.658284
  1.27142
 0.879209
 0.937594
 0.924037
 0.584799
 0.844268
  1.23903
 0.793065
  1.12455
 0.762215
 0.695326
 0.529436
 0.848972
 0.450083
 0.561735
 0.546231
 0.650541
 0.759133
 0.777644
 0.825547
 0.648254
 0.744219
 0.628181
 0.638819
 0.599808
 0.545393
 0.529007
 0.556381
 0.471746
 0.688017
 0.585826
 0.714064
 0.828459
 0.878923
 0.818394
 0.937218
 0.625657
 0.760534
 0.975868
 0.481148
 0.963848
 0.550136
 0.516392
 0.535771
 0.522527
  0.38275
 0.488053
 0.866223
 0.468172
 0.841435
 0.421637
 0.498659
 0.268534
 0.528591
 0.317397
 0.620742
 0.247011
 0.660118
 0.115247
 0.522746
 0.672674
 0.276568
 0.567908
 0.489313
  0.20812
 0.598927
  0.44585
 0.316197
 0.207968
 0.152013
 0.212014
  0.10407
 0.442321
 0.395887
 0.495115
 0.320973
 0.741229
 0.338025
 0.961101
 0.853149
  1.31826
  1.33721
  1.31261
   1.6336
  1.72825
   1.8691
  2.24408
  1.80896
   1.7091
  1.65398
  1.57084
  1.48271
  1.45442
  1.43918
  1.23557
  1.57014
  1.34514
  1.41945
  1.29915
  1.12479
 0.958225
 0.925943
  1.05855
   1.0024
 0.812382
  1.41001
 0.523067
  1.05723
 0.934603
 0.725775
 0.965784
 0.792394
 0.692091
 0.660759
 0.523931
  1.13179
 0.560742
   1.1006
 0.744853
 0.817905
 0.900718
 0.425471
 0.567243
 0.147298
 0.456869
 0.920238
 0.836904
 0.841467
 0.865718
 0.422444
  0.52857
 0.611499
 0.111102
 0.338769
 0.458833
 0.607446
 0.844409
 0.761798
 0.327378
 0.847777
 0.410125
 0.604452
 0.860055
 0.366381
 0.531653
 0.764176
 0.457343
 0.686033
 0.786575
 0.487815
 0.794369
 0.542489
 0.407307
 0.517393
  0.43095
 0.320355
 0.708316
 0.911483
 0.749891
  1.27932
  1.12139
 0.832791
 0.934093
 0.824008
 0.748285
  1.12185
 0.835068
  1.32585
 0.460981
  1.48228
 0.511129
  1.47819
 0.755096
  1.32507
  0.88628
  1.00881
  1.00039
 0.682781
  1.19977
 0.556512
   1.0177
 0.673561
 0.521933
   0.7326
 0.411967
 0.728193
 0.721315
 0.783067
 0.713911
 0.833666
 0.831254
 0.587127
 0.699301
   0.4911
 0.449329
 0.717822
 0.567777
 0.425077
 0.364324
 0.190992
 0.554656
  0.17741
 0.695289
 0.317924
 0.521262
 0.910174
 0.474166
 0.933681
  1.04743
 0.688521
 0.815034
 0.627558
 0.413435
 0.413252
 0.635256
 0.471055
 0.617803
 0.300655
 0.467888
 0.289062
 0.122906
 0.680897
 0.447339
 0.753409
 0.723121
  0.42279
 0.643709
 0.184761
 0.842769
 0.610782
 0.596524
  1.12885
 0.686058
 0.721375
 0.998124
 0.375242
  1.03486
 0.611656
  1.23617
 0.550158
  1.46479
 0.807247
  1.17052
  1.05628
 0.588352
  1.28741
 0.775419
 0.898774
  1.36006
 0.760846
  1.12177
  1.18415
 0.845509
   1.0932
 0.688553
 0.958358
 0.692693
 0.898469
  1.00657
 0.866882
  1.14946
 0.585657
 0.995198
 0.320391
 0.479704
 0.122552
 0.626916
 0.628521
 0.532152
 0.986765
 0.400018
  1.13569
 0.974344
  1.43804
   1.0405
  1.46573
  1.08777
  1.23677
  1.32935
  1.11192
 0.882117
 0.879738
  0.39237
 0.616491
 0.279278
 0.926588
 0.637479
 0.767849
 0.723108
  0.45616
 0.256927
 0.407354
  0.57575
 0.592906
 0.541212
 0.508109
 0.138906
 0.207341
 0.338923
 0.470983
 0.295077
 0.463665
  0.59923
 0.502305
 0.628312
 0.624818
 0.407239
 0.493673
 0.309096
 0.477827
 0.429749
  0.52416
 0.496787
 0.606075
 0.629787
 0.661578
 0.736601
  0.64287
 0.501181
 0.532413
 0.489158
 0.379879
 0.341275
 0.817604
  0.97712
 0.781413
  1.10336
 0.564512
 0.597645
 0.539345
 0.492246
 0.292088
 0.513595
 0.632095
 0.559227
 0.599829
 0.660373
 0.754621
    1.138
  1.18055
  1.10819
  1.05517
 0.971287
 0.515352
  1.04686
 0.611656
 0.645532
 0.897003
 0.456444
 0.799454
 0.636428
 0.602286
 0.688097
 0.486299
 0.595471
 0.956575
 0.481999
 0.911599
  0.37541
 0.813148
 0.482852
 0.735204
 0.739337
 0.741471
 0.447957
  0.82823
  0.13312
 0.580954
 0.419493
 0.847124
 0.782465
 0.845969
 0.661626
 0.958277
 0.356283
  1.19591
 0.615337
 0.612123
 0.409289
 0.639385
 0.227809
 0.714677
 0.347321
 0.657659
0.0610736
 0.988883