4.55178e-06
   0.827374
    1.02903
   0.506065
   0.317897
   0.764175
     1.2487
   0.284727
   0.738074
   0.553091
   0.914083
   0.684781
   0.983137
    1.31179
    1.72788
    3.91111
    7.99368
    11.6868
    6.86927
   0.390205
   0.678153
   0.540214
    1.01006
   0.507407
   0.482632
   0.744625
   0.599828
    1.51204
    2.57385
    2.98436
    1.21145
   0.107748
   0.838351
   0.717153
   0.368727
   0.683049
   0.572973
   0.329985
   0.352155
   0.455085
   0.517443
   0.144506
   0.513563
   0.285813
   0.774286
    0.28623
   0.662584
   0.258054
   0.489714
   0.231752
   0.233412
   0.494583
    0.54973
   0.345419
   0.260043
  0.0622684
   0.255066
   0.403709
   0.576131
   0.606381
   0.752041
    0.68308
   0.325469
   0.144502
   0.362453
   0.126435
   0.432158
   0.412651
   0.656587
   0.915371
    0.61807
   0.412685
   0.310167
   0.402636
   0.368561
    0.42222
   0.562994
   0.850076
   0.534548
   0.255557
     0.3985
   0.300459
   0.197659
   0.306295
   0.255124
   0.127263
   0.492214
   0.342882
   0.189067
   0.498055
   0.882693
   0.739243
   0.622838
    0.57519
   0.352494
   0.539264
   0.679022
   0.584552
   0.315452
   0.127831
   0.426937
   0.795955
   0.832861
   0.709096
   0.656864
   0.594363
   0.434117
    0.47537
     0.4629
   0.684959
   0.700364
    0.34612
   0.567841
   0.942455
   0.367526
   0.628916
    0.65766
   0.651199
   0.259896
   0.180404
   0.227184
   0.999324
   0.696599
   0.662104
   0.213373
   0.395771
   0.432335
   0.413041
   0.534499
   0.824048
    0.73197
   0.962238
   0.691707
    0.49756
    1.00259
     1.0044
   0.678163
    1.35679
   0.582649
    1.26802
    1.41964
    1.22506
   0.949081
    2.31818
    2.16526
   0.827624
    1.94881
    2.87326
    2.99025
    4.20805
    3.52774
    3.58347
    7.56727
    6.15686
    1.31485
    1.52348
   0.871471
   0.727639
   0.382787
   0.670291
   0.286307
   0.298207
   0.240364
    0.41384
    0.43597
   0.165995
   0.707944
   0.598508
    0.55353
   0.107222
   0.187629
   0.286988
   0.554121
   0.320983
   0.721547
   0.752581
   0.721217
    1.13599
   0.305113
   0.959814
   0.227237
    1.21276
    1.16783
   0.844647
    1.25441
    1.45122
    1.07017
    1.09457
    1.40497
     1.3259
    1.84467
    1.71878
    1.95817
    1.34739
    1.39124
    1.40071
    2.24805
    3.00481
    2.73071
    2.29054
    1.31939
    1.51024
   0.803487
    1.86183
    2.12351
    2.31302
    2.50874
    2.28586
    2.30142
     1.6508
    1.75684
    2.44071
    2.17434
    2.04284
    1.41179
    2.03183
    1.52205
    1.68857
    1.43345
    1.61229
    1.23191
     2.2349
      2.467
    1.11668
    1.82138
    2.68796
    2.19942
     3.7193
    3.80134
    4.03079
    2.32805
    2.72813
    3.58419
    3.81658
    3.75073
    4.73886
    4.68714
    5.31317
    5.15083
    6.13511
    6.50875
    6.99999
    7.18308
    7.22409
    7.24588
    7.70598
    13.9556
    25.5601
    32.6538
     20.318
    14.6476
    12.1958
    9.45413
    6.36889
    5.32327
    5.27556
    3.94254
      3.268
    1.32202
   0.809499
    1.07168
    1.51426
    2.51712
    3.17848
    4.32767
     4.9588
    5.80195
    7.81653
    10.0186
    14.0992
    19.2697
    25.3592
    29.1599
     22.305
    8.92951
    5.77558
    5.15519
    4.47349
    3.55617
    3.50135
    2.34247
    2.16284
    1.54975
    1.41131
    1.30088
    1.74802
    2.69232
    2.17438
    2.48365
    2.35894
    2.80906
    3.31072
    4.66317
    5.46599
    6.50178
    9.45548
    7.72075
     10.208
    15.0144
    16.7874
    15.9457
    12.3275
    7.22294
    6.89968
    6.05874
    5.98294
    5.40523
    4.78246
    5.15168
     4.2013
    4.89436
    4.35528
    3.78398
    3.45194
    4.03681
    3.36045
    3.51371
    3.07106
    3.65712
    4.22049
    4.41144
    3.92824
    3.01161
    3.07908
    4.18313
    3.50352
    3.34208
    3.40583
    2.79435
    2.23734
     2.7903
    2.26001
    2.35167
    2.35685
    2.17559
    1.44018
    1.73873
    2.55033
     3.9163
    4.76365
    1.55686
    2.06089
     2.1944
    1.82658
    2.31232
    2.42231
     1.9613
    2.99516
    2.78271
    3.77083
     4.8585
    5.28929
    7.12732
    6.08183
    1.82657
    1.35279
    1.48628
     3.5501
    5.35612
    4.81825
    4.88305
    6.99925
    5.55923
    6.86648
    6.83158
    8.03783
    8.04672
    7.68691
    4.83167
    4.87495
    3.99941
    2.24747
    2.63114
    3.82472
    5.24419
     5.0702
    4.17707
    5.95145
    6.59375
    6.68494
    6.39975
     6.1262
    5.32899
    4.06924
   0.531808
    3.01805
    4.00523
    5.40976
    6.77096
    6.17174
    6.21111
    4.81777
    5.38719
    4.97504
    4.30089
    3.64813
    3.37665
    3.38342
    3.47978
    2.45434
    2.45177
    1.93084
    2.98222
    3.42881
    4.48639
     4.2222
    3.21326
    4.56651
    4.27962
    3.71617
    2.98328
    2.93862
     4.4938
    4.11804
    3.87942
    4.12557
     4.2398
    4.64058
    4.83815
    4.08726
    4.34433
    4.98237
    4.74449
    4.56885
    5.18221
    4.64237
    5.34689
    5.06774
    4.85957
    4.72384
    5.21081
    4.78601
    5.88758
    4.92899
    4.85789
    5.64596
    4.80622
    5.75374
    5.57877
    6.62453
      6.911
    6.60142
    6.32452
    6.26619
     7.0047
    7.01096
    7.89409
    7.55822
    6.21755
    3.66901
    4.09139
    5.21619
    5.23791
    5.28044
    5.58076
    5.58479
    5.66588
    6.09838
      6.555
    7.19713
    8.10778
    7.74467
    8.15344
    8.89931
     8.5486
      9.048
    8.20148
    8.92082
    7.26619
    6.46736
    6.79521
    6.80138
    6.16051
    7.14238
    6.56266
    6.26648
    6.61071
    5.97999
    6.89313
    7.01641
    6.28995
    6.42879
    6.81413
    6.54604
    6.45713
     5.6442
    5.86297
    5.50492
    5.38928
    5.38197
    4.83788
    4.59073
    5.77054
    3.96106
    5.20244
    4.19725
    4.52979
     4.8044
    4.74343
    4.70237
    4.77631
    4.44065
    4.82072
    4.84697
    5.01209
    4.28233
    5.23614
    5.57683
    6.13752
    6.92481
    7.55744
    8.23492
    8.72543
    8.43196
    8.39797
    8.71888
    7.34078
    5.14179
    3.67067
     8.5338
    12.3504
    12.4997
    14.1254
    13.8546
    13.4201
    10.9867
    9.07224
    7.25487
    5.47209
    4.81105
    6.08939
    2.13716
    2.07757
    2.25346
    2.64726
    1.92884
    1.96351
    3.31508
    2.81214
    2.76155
    1.70799
    2.17788
   0.520009
   0.532452
    2.84144
    2.43958
    2.40115
    2.74877
    3.86022
    3.80036
    4.73419
    4.83873
    5.69029
    6.23914
    7.41417
     8.5473
    9.56321
    8.25225
    5.38765
    5.20676
    5.69308
    5.63957
    4.21145
    5.63484
    6.26104
    5.81769
    5.88911
    5.57755
    4.98993
    6.08741
    5.77005
    5.64359
    5.24816
    5.13371
    3.63688
    5.44958
    4.18754
    4.71268
    4.70163
    5.61291
    5.01737
    4.76028
     4.6816
    5.18623
    5.18402
    5.17473
    4.66467
    5.56714
    6.10488
    3.68636
    5.01961
    5.60735
    5.51147
    5.45926
    5.70617
    4.69171
    3.66743
    3.78053
     3.7495
    2.58687
    4.15684
    5.20798
    5.84939
    5.39657
    5.91008
     6.1325
    5.62204
    5.85534
    7.03518
    7.94091
    8.62429
    9.60473
    9.41094
    8.73479
    7.78594
    7.32636
    7.75624
    6.88441
    7.19188
    6.79453
    7.24897
    6.93839
    6.33923
    6.87145
    6.95757
    6.58898
    6.81594
    6.45163
    6.17768
    6.71694
    6.32494
    6.99782
    8.67179
    10.3931
    10.6677
    10.3602
    8.03633
    8.99851
    9.11063
    10.1021
    10.3704
    10.2124
    11.2439
    10.5397
    11.2677
    10.3779
    10.0734
    11.3645
    10.7714
    11.1768
    10.5082
    10.2052
    10.2125
    8.95368
     7.5326
     6.2762
    5.49738
    4.82349
    5.51293
    5.58892
    4.50892
    4.76922
    4.37124
    5.35612
    5.37026
    6.12882
    7.31474
    7.26348
    8.13398
    8.01854
    8.32213
     7.6318
    8.34533
    7.02665
    6.19964
     6.2973
     4.8406
    4.20833
    3.87984
    3.66384
    4.18158
    3.21889
    4.44809
    3.75959
    3.71684
    2.90457
     3.0089
    4.69374
    5.70403
    6.05829
    6.24706
    6.52846
    7.53717
    6.63242
    5.54517
    3.42516
    4.23426
    2.66128
    3.70337
    1.80049
     2.5978
    2.41942
    2.85469
    2.27279
    2.64663
    2.40562
    1.56647
    1.83764
    2.60406
     2.6021
    2.69118
     3.2543
    3.03082
    3.26183
    3.64787
    3.75084
    3.81431
    4.27713
    4.45022
    5.05654
    4.72841
    3.50369
    3.25033
    2.57629
    2.60751
    1.35896
    2.28672
    1.77157
    3.30344
    3.79831
    3.61177
    3.43454
    3.99471
     3.2843
    2.47052
    2.98734
     2.0991
    2.28356
    2.16677
    2.52512
    2.37023
    2.44162
    2.11915
     2.7077
    2.39184
    2.41965
    2.52862
    3.01829
    2.09464
    2.81899
    2.45476
    2.84332
    3.39868
    2.48739
    2.53529
    3.02722
     2.2773
    2.29722
    2.62276
    3.03166
    2.71107
    3.93561
    2.35363
     3.6103
    3.00999
    3.12965
    2.37527
    3.34161
    2.73175
    3.33519
    3.12606
    4.12828
    3.99726
     4.2532
    4.77396
      4.507
    5.66568
    4.82178
    5.09624
    5.27963
    5.38417
    4.72089
    4.77287
    4.32691
    3.76056
    2.91135
    2.73205
    2.66037
    1.42188
   0.124441
    1.72937
    2.47746
    2.02155
    2.45818
    2.59543
    3.15411
    2.27987
    1.51558
      1.518
    1.86203
    1.61339
    1.77116
    3.01148
    2.33613
     2.7218
    3.56271
    2.82592
    2.46004
     2.5832
    2.88203
    2.15026
    2.43984
    2.96757
    2.27366
    3.56577
    2.84701
     2.8484
    2.71802
    3.51472
    3.42348
    3.03359
    3.16616
    3.20642
    3.25385
    2.59201
    2.52833
     2.0779
    2.99407
    2.95036
    3.05634
    2.75448
    1.87435
    2.03215
    2.20143
     2.2355
    1.62442
    2.40072
    2.56603
    2.13763
    2.06697
    2.05899
    1.99614
    2.08817
    3.07412
    2.71139
    3.17214
    2.67117
    2.53021
    2.09704
    2.04168
    1.80672
   0.809512
   0.861042
    0.47108
    1.35648
    2.18676
    2.72861
    2.20969
    1.19415
    1.77696
    1.87859
    2.44126
    2.17765
    2.25161
    2.79359
    2.61424
    3.07907
    2.25495
    2.84869
    2.56121
    2.40279
    2.10428
    2.46949
    2.89259
    2.44248
    2.39558
    1.79723
     1.7089
    1.23087
    2.08942
    1.56508
    1.83147
    2.80333
    2.34794
    2.07612
    2.40232
    2.41955
     2.2848
    1.71861
    2.34593
    2.29347
    1.96732
    2.27566
    2.63978
    2.13783
    1.90019
    2.37143
    1.79661
    1.68015
    1.69915
     1.0014
    2.38879
    1.52778
    1.28323
    1.39051
    1.39974
    1.84721
    1.33048
    1.28581
    1.48887
    1.67048
    1.69606
    1.63451
    1.63737
    2.08958
    1.85638
    2.32798
    3.32249
    3.15468
    3.56276
    3.18762
    2.08182
    2.75759
     2.1104
    1.82623
    2.02332
    1.07743
   0.912963
   0.842736
   0.897193
    1.06745
   0.872168
    1.77532
   0.927297
    1.58278
    1.15356
    1.06626
   0.876784
   0.350056
   0.210476
     0.9093
   0.602917
   0.884829
   0.190452
   0.695489
   0.199991
   0.843262
    0.27071
   0.953328
   0.587672
    1.08752
    1.46212
    1.19453
    2.00132
    1.67416
    1.09878
    2.14634
    2.40939
    3.48637
    2.34973
   0.993636
    1.34112
    1.30145
    1.25305
    1.44629
    1.45994
    1.40847
    2.45204
     1.7816
    2.14279
    1.55253
    2.16665
    2.08758
    1.05822
    1.71366
    1.42429
    1.05545
   0.507049
   0.298828
    1.01222
    1.34375
   0.699321
    2.11148
    2.74713
    3.07468
    2.54077
    2.87713
    2.67292
     1.0852
     1.4332
    1.89079
     1.9891
    2.13067
    1.62266
    1.12408
     1.7425
    2.61236
    2.33537
    2.14301
    1.85072
     1.8664
    2.22686
    1.70251
    1.83981
    2.21496
    2.59861
    1.26826
    1.40376
   0.919849
    1.27393
    1.07743
    2.10438
    1.35514
     1.5315
    1.08613
      1.288
    2.23071
    1.53999
    2.16949
    1.70292
    1.79123
   0.829686
   0.941997
    1.17534
    1.26348
    1.07181
    1.68961
    1.06008
    1.04794
    1.97821
    1.00632
    1.16899
   0.988303
    1.44889
    1.55309
    1.99417
    2.16542
    1.73512
    1.62432
    1.50417
    2.12398
    2.10637
   0.949221
    2.41314
    2.55337
     1.4329
    2.35858
    2.38801
    2.20014
    2.46562
     2.8197
     2.5573
    2.88451
    2.74169
     2.5193
    3.02615
    3.04307
    2.52413
    3.46377
    2.13289
    2.76299
    3.26581
    2.32579
    2.37753
    1.08342
    2.14705
    1.42031
    1.54333
    1.75504
   0.793616
    1.29635
   0.800221
   0.986271
   0.681091
   0.883679
     1.4682
    1.35981
    1.46266
    2.12374
    2.08744
    1.37851
    1.27779
    1.77313
    1.87798
    1.36008
    2.14058
    1.46789
    1.43092
      1.991
    2.24221
    2.94695
    1.43392
    3.25164
    2.36986
    1.91824
    1.99869
    1.58597
    1.09415
    1.49067
   0.842075
     1.2808
    1.20414
    1.34859
   0.503399
   0.834964
    1.10164
    1.01473
   0.816189
    1.81441
    0.77636
     2.1974
    1.29232
     1.4185
    1.10285
    1.63594
    2.06791
    1.82599
    1.25475
    1.97981
   0.986769
    1.02722
   0.918564
   0.690957
    1.44216
    1.76767
    2.24807
    1.81241
   0.722631
    1.92609
   0.924108
    1.50959
   0.714165
    1.43348
    1.79369
    1.11562
    0.57964
    1.91676
   0.869553
    1.70342
    1.12126
   0.406545
   0.969657
   0.928615
     1.1509
   0.141692
   0.500766
    0.60878
   0.871837
    0.67508
   0.500125
   0.485172
   0.521024
   0.296635
   0.907741
   0.853949
   0.404112
   0.325399
   0.833371
   0.324988
   0.424626
  0.0953235
  0.0971494
   0.691413
    1.07897
   0.493018
     1.0036
   0.632077
   0.991171
    1.00595
   0.909526
   0.855904
    1.17851
    1.08383
    1.73987
   0.878227
    1.98036
   0.964505
    1.62835
    1.04189
    1.10127
    1.31805
    0.63075
    1.38514
   0.988438
    1.05131
   0.888694
    0.74974
   0.396351
    0.55426
    0.69507
    1.08007
     1.8847
   0.883551
   0.882735
   0.872975
   0.641121
    0.92732
    2.18036
    1.81308
    2.46716
    2.44689
    2.21771
     2.3902
    2.01064
    2.63376
    2.47206
    1.99254
    2.85734
    1.91923
     2.2916
    2.20963
    2.86739
    1.88883
    2.13338
    1.52725
    1.35183
    1.80186
    2.50928
    2.08195
    2.22615
    2.72995
    2.32767
    2.29042
    1.99346
    1.58281
    1.83067
    1.36784
    2.04871
    2.43387
    1.89994
    2.13945
    2.07482
    2.07725
    1.77489
    2.02073
    1.35337
    1.36769
   0.301055
   0.575018
    1.15965
    1.03766
    1.62614
   0.568805
   0.618109
   0.620654
   0.753419
   0.441038
   0.491907
   0.990842
    1.24354
    1.14969
   0.848075
    0.73017
     0.9135
    1.41442
   0.737785
    1.49022
    1.12199
   0.833451
    1.59781
   0.785846
    0.88559
   0.186854
   0.648741
   0.876286
    0.61575
    1.19279
    1.18342
    1.44909
   0.898195
    1.25387
    1.45842
    1.75463
   0.993211
   0.922973
    0.53362
   0.801538
   0.308399
   0.344527
   0.486593
   0.898456
   0.898421
   0.793732
   0.144682
   0.589565
   0.606438
   0.459001
   0.719754
   0.497324
   0.626656
   0.449896
   0.757069
   0.876718
   0.617632
   0.469476
   0.609017
   0.859247
   0.566296
   0.454526
    1.12035
   0.670336
    1.26806
     1.9053
   0.922281
   0.545167
    1.12748
   0.264293
    1.23491
     1.6191
   0.953991
   0.428086
   0.846144
   0.308909
   0.282782
    1.06527
   0.875067
   0.668921
    1.46197
   0.312721
    1.58289
    2.09307
    2.03346
    1.69517
    1.75082
    1.39875
    1.01857
    0.36685
  0.0807282
    0.45169
   0.142602
   0.203348
   0.763512
   0.324167
    0.73906
   0.397282
   0.852946
    1.02711
   0.198374
   0.481651
    0.45343
    1.11809
   0.928989
    0.90506
    1.12996
    1.08849
    1.09356
   0.453073
     1.2995
   0.627094
   0.980573
     0.1145
   0.953912
   0.634629
   0.320145
   0.639644
   0.558196
   0.930825
   0.700314
     1.2163
    1.07375
   0.753527
    1.89822
   0.488528
   0.959912
   0.534889
   0.882126
   0.803563
    1.02705
    2.29642
    1.87105
    1.86816
    2.46021
    1.93691
    2.28684
    1.27413
    1.87728
    1.56209
    2.07653
   0.852882
    1.83711
    1.23288
    1.00718
    1.82237
    0.75169
    1.65282
    1.34645
    1.35487
    1.72015
   0.865528
    1.00786
    1.54386
    1.46527
   0.609471
    1.42481
     1.0197
    0.47037
   0.559977
   0.799711
    0.72475
    0.56339
   0.974262
   0.589817
   0.336109
   0.581777
   0.569334
   0.653224
   0.482807
   0.400948
    1.10691
    0.13017
    1.02899
   0.489171
   0.373266
  0.0759244
   0.677165
   0.457612
   0.584245
   0.354969
    0.55707
   0.359366
   0.705471
    1.01084
    1.08492
    1.22116
     1.8892
    1.19655
    1.84667
     1.4668
    2.20361
    2.13734
    2.08624
    1.85758
    3.00131
    2.05306
    2.58974
    3.40705
    2.58743
     3.0209
    3.37935
    3.46398
    2.38169
    2.93794
    2.17938
    1.47375
     2.6224
    1.83961
    1.52785
    1.69836
   0.993441
    1.62688
    1.63932
   0.501094
    1.08017
    1.48668
   0.829704
    1.03374
    1.13156
   0.305734
     1.1781
   0.853997
    1.22519
    2.19708
    1.99246
     2.6293
    2.19274
    1.69551
    2.69725
    2.16888
    1.93402
    2.26358
    2.01905
    1.81725
    1.73706
    1.88175
    2.04395
    1.05774
    1.43375
    1.68742
    2.10891
    1.20406
    1.42162
    1.13478
    1.38095
    0.87915
    1.45503
    1.91574
     1.7426
    1.95223
    1.37625
    1.37025
    1.54125
    1.35615
   0.926098
    1.51963
    1.12111
   0.998289
    1.33293
    1.23407
    1.27132
    1.59649
    1.15638
    1.47601
    1.90621
    1.37003
    1.40641
    1.40956
    1.60048
    2.56421
    1.48903
    2.09994
    1.81119
    2.42605
    2.00092
    1.84246
     1.7473
     2.1447
    2.34445
     1.3274
    1.20189
   0.334828
     1.1342
    1.10164
   0.713915
   0.838894
    0.49016
    1.10777
    1.12302
    0.29409
    0.76306
   0.553121
   0.218494
   0.499017
   0.389249
    1.32972
    1.12231
   0.208884
    1.07953
   0.868932
    0.46064
   0.555687
   0.842298
    1.04875
    1.34115
     1.3417
    1.22161
    1.13504
    1.64718
     1.3312
    1.53646
     1.8084
     1.0113
   0.781915
    1.32401
   0.543027
    0.67127
   0.477417
   0.667032
   0.223538
   0.544993
   0.926426
   0.494862
   0.316139
   0.478168
   0.482165
   0.673153
   0.358891
   0.485133
   0.853325
   0.326948
    1.56556
   0.675384
   0.662494
   0.828395
    1.46931
   0.651362
    1.19599
   0.879051
   0.970378
    1.07675
   0.279938
    1.02998
     1.0493
    0.52086
   0.681879
    1.15121
   0.761948
    1.29204
   0.975094
    1.22952
    1.72252
    1.94032
   0.925665
    1.49627
    1.92761
    1.89334
    1.82411
     1.6867
    1.56201
    1.13618
    1.25282
    1.42724
       2.18
    1.30192
    1.94544
    1.64658
    1.31949
    1.51848
    2.08979
     1.1316
    1.27742
    1.18735
    1.26026
    1.33486
   0.729267
     1.3545
    1.73311
    1.09598
   0.862945
     1.0142
    1.54561
   0.490349
    1.16238
    1.34989
   0.737492
    1.67455
   0.784787
    1.25916
   0.765801
    1.55971
    1.37761
   0.541763
   0.807181
    1.18291
   0.727162
    1.12944
   0.980496
    1.05273
    1.01608
   0.858057
   0.615276
    1.25452
   0.720497
    0.66841
   0.724165
    1.33068
   0.534705
    1.18072
   0.729984
   0.330459
   0.693671
   0.962452
   0.508311
    1.25243
   0.580002
   0.353139
   0.279577
   0.192881
   0.860558
   0.227913
   0.890815
   0.355182
    1.18273
   0.928086
    1.24678
    0.78891
   0.632042
     1.0304
   0.725164
   0.661045
    1.61122
    0.92573
   0.571033
   0.561484
   0.922413
   0.528419
   0.704542
   0.412393
   0.488011
   0.704468
   0.822778
   0.783608
   0.683877
   0.834147
   0.629558
   0.646545
    0.62604
   0.635093
    0.56558
   0.479467
   0.498071
   0.658179
   0.482686
     0.7016
   0.713278
    0.75026
   0.892351
   0.983519
   0.712606
   0.839615
   0.636997
   0.662445
    1.24352
   0.366456
    0.59818
   0.722077
   0.516758
   0.332152
   0.528617
    0.54925
   0.449749
    1.08651
   0.479659
   0.530071
   0.345263
   0.536976
   0.228328
   0.538367
   0.386091
   0.690551
   0.106135
   0.591401
     0.2495
   0.437318
   0.970633
   0.203962
   0.112281
   0.754999
   0.410177
   0.364322
   0.401532
    0.28709
  0.0594961
  0.0485521
   0.411575
   0.224236
   0.445869
    0.50287
   0.580354
   0.161189
    0.90258
   0.616691
    1.04087
     1.0896
     1.5331
    1.54503
    1.17089
    1.69962
    2.29318
    1.97464
    1.99157
    1.61763
    1.48654
    1.68735
    1.66416
    1.30653
    1.23124
    1.60395
    1.30121
       1.48
    1.35866
    1.32671
    1.18527
   0.945133
    0.80782
   0.969832
     1.2475
    1.09285
   0.375766
    1.58061
   0.803459
   0.531187
   0.996387
   0.997612
   0.869186
   0.566137
   0.534126
   0.864235
   0.559937
    1.30356
    0.59445
   0.835345
   0.883442
    0.77632
   0.823418
   0.114911
   0.355799
   0.378161
    0.65362
    1.30451
   0.951418
    0.30531
   0.699061
   0.646718
   0.349197
   0.504598
  0.0257583
   0.272546
   0.897861
   0.927251
   0.622039
    0.57442
   0.142787
     1.0537
   0.747486
    0.16143
   0.828387
   0.690527
   0.279188
   0.751761
   0.714221
    0.59233
   0.794776
   0.429748
   0.716568
    0.64186
   0.177959
   0.372303
    0.73903
    0.41943
   0.641118
    1.35802
   0.910289
    1.04103
    1.22532
   0.702927
    0.63705
    1.01291
   0.905518
    1.21735
    0.68519
    1.41977
    0.31819
    1.50751
   0.749132
     1.4117
   0.742575
    1.20199
    1.02557
   0.814546
   0.983652
   0.596106
    1.33415
   0.569335
   0.638294
   0.770186
   0.485089
   0.682572
    0.42534
   0.783873
   0.964049
   0.776718
   0.478341
   0.833653
    1.13356
   0.370793
   0.243019
   0.669237
   0.722079
   0.668989
   0.363024
   0.188078
   0.438464
   0.243111
   0.662116
   0.155811
   0.667706
   0.563637
   0.405306
    1.14512
   0.654781
   0.660189
    1.28637
   0.745192
    0.30619
   0.486931
   0.637667
   0.387976
   0.593353
   0.516918
   0.608883
   0.120216
   0.297605
   0.535723
  0.0788259
   0.761517
   0.812461
   0.660592
   0.566516
   0.208693
   0.762015
   0.297389
   0.844966
   0.937923
   0.412001
    1.13657
    1.00625
   0.311409
   0.942332
   0.551881
    1.15527
   0.629112
    1.31431
    0.53098
    1.50512
    1.08635
   0.782974
    1.01086
   0.550218
    1.44335
    1.07991
   0.403055
    1.48147
     1.2264
   0.741203
    1.04815
   0.975701
    1.12145
   0.442475
   0.808784
    1.00548
   0.990208
   0.972763
   0.693938
    1.25654
   0.478386
   0.666878
   0.190145
   0.414779
   0.196543
   0.803102
    1.04094
   0.263393
   0.890837
    0.66922
     1.4012
    1.19007
    1.41644
   0.880642
    1.45919
    1.31906
     1.0276
    1.20292
    1.17634
   0.547512
   0.585558
   0.320896
   0.753684
   0.334792
    1.01297
   0.885187
   0.488881
   0.459218
   0.477328
   0.195107
   0.384325
   0.892883
    0.74831
   0.120679
   0.229874
   0.267551
   0.289578
   0.378668
   0.609289
   0.272504
   0.324188
   0.871738
   0.693065
    0.33182
   0.509089
   0.506504
   0.498093
   0.157335
   0.472784
   0.697169
   0.583554
   0.308036
    0.62237
   0.940888
    0.68332
   0.466526
   0.582377
   0.573053
   0.482961
   0.396397
     0.3861
   0.431989
    1.16107
    1.42198
   0.359923
   0.655371
   0.800222
   0.610389
   0.248004
    0.40751
    0.44458
   0.629765
   0.759604
   0.507546
   0.476114
    0.88063
    1.07959
    1.29781
    1.16771
   0.890491
   0.860705
    1.08296
   0.293302
   0.922591
   0.972671
   0.409689
    0.74653
   0.579015
   0.827453
   0.672595
   0.401898
   0.671936
   0.681034
     0.5122
    1.13813
   0.457068
   0.665373
   0.339453
   0.964903
   0.649881
    0.52398
   0.721258
   0.971281
   0.171382
   0.628887
    0.21654
   0.625861
   0.640071
    1.02617
   0.826195
    0.68542
   0.460387
    1.24294
   0.353126
   0.996657
   0.794824
   0.336447
  0.0257352
   0.960994
    0.48326
   0.450152
   0.141151
   0.929023
  0.0368081