2.36244e-38
4.79865e-38
3.86079e-38
3.15292e-41
 3.8598e-38
4.79963e-38
2.36224e-38
1.48625e-38
3.56441e-38
5.82529e-38
1.32943e-38
3.44462e-38
2.58129e-38
4.26561e-38
3.19731e-38
 4.5899e-38
6.12916e-38
8.08196e-38
1.82742e-37
3.72976e-37
5.44997e-37
3.20352e-37
1.82118e-38
3.16546e-38
 2.5207e-38
4.71166e-38
2.36844e-38
2.25246e-38
  3.477e-38
2.80501e-38
7.06017e-38
1.20062e-37
1.39172e-37
5.65183e-38
5.04626e-39
3.91057e-38
3.34636e-38
1.72121e-38
3.18624e-38
2.67299e-38
1.54019e-38
1.64377e-38
2.12262e-38
2.41454e-38
6.74735e-39
2.39725e-38
1.33369e-38
3.61272e-38
1.33554e-38
 3.0913e-38
1.20407e-38
2.28438e-38
1.08223e-38
1.09014e-38
2.30742e-38
2.56433e-38
1.61096e-38
1.21342e-38
2.91604e-39
 1.1912e-38
1.88445e-38
2.68894e-38
 2.8298e-38
3.50795e-38
3.18581e-38
1.51885e-38
6.74232e-39
1.69153e-38
5.90858e-39
2.01727e-38
1.92709e-38
3.06372e-38
4.26987e-38
2.88316e-38
1.92568e-38
1.44751e-38
1.87888e-38
1.72041e-38
1.97151e-38
2.62702e-38
 3.9649e-38
2.49395e-38
1.19264e-38
1.85891e-38
1.40205e-38
9.22511e-39
1.42872e-38
1.19121e-38
5.94506e-39
 2.2959e-38
1.60047e-38
8.84363e-39
2.32482e-38
4.11813e-38
3.44904e-38
2.90552e-38
2.68391e-38
1.64584e-38
2.51651e-38
3.16741e-38
 2.7263e-38
1.47234e-38
5.98538e-39
1.99346e-38
3.71391e-38
3.88585e-38
3.30851e-38
3.06445e-38
2.77312e-38
2.02581e-38
2.21887e-38
2.16076e-38
3.19519e-38
3.26771e-38
1.61692e-38
 2.6491e-38
4.39683e-38
1.71587e-38
2.93479e-38
3.06763e-38
3.03726e-38
1.21265e-38
8.44322e-39
1.06154e-38
4.66213e-38
3.24907e-38
3.08877e-38
9.96328e-39
1.84684e-38
2.01772e-38
1.92863e-38
2.49474e-38
3.84569e-38
3.41547e-38
4.48868e-38
3.22867e-38
2.32331e-38
4.67741e-38
4.68792e-38
3.16422e-38
6.33096e-38
2.72137e-38
5.91683e-38
6.62307e-38
5.71987e-38
4.43241e-38
1.08128e-37
1.01031e-37
3.86818e-38
9.09695e-38
1.34116e-37
1.39551e-37
1.96342e-37
1.64739e-37
1.67294e-37
3.52922e-37
2.87157e-37
6.13406e-38
 7.1066e-38
4.06505e-38
3.39521e-38
 1.7859e-38
3.12665e-38
1.33585e-38
1.39188e-38
1.12221e-38
1.93035e-38
 2.0352e-38
7.75901e-39
3.30302e-38
2.79132e-38
2.58183e-38
5.00874e-39
8.76655e-39
1.33928e-38
2.58622e-38
1.49912e-38
3.36696e-38
3.51295e-38
3.36414e-38
5.30036e-38
 1.4235e-38
4.47957e-38
1.06322e-38
5.65801e-38
5.44971e-38
3.94323e-38
5.85288e-38
6.77076e-38
4.99476e-38
5.10831e-38
6.55739e-38
6.18825e-38
8.60816e-38
8.01921e-38
9.13571e-38
 6.2875e-38
6.49458e-38
6.54104e-38
1.04916e-37
1.40192e-37
 1.2738e-37
 1.0686e-37
6.15509e-38
7.04833e-38
3.75334e-38
8.68927e-38
9.91013e-38
1.07932e-37
1.17059e-37
1.06646e-37
1.07375e-37
7.70554e-38
8.19925e-38
1.13879e-37
1.01438e-37
 9.5325e-38
6.58818e-38
 9.4801e-38
7.10209e-38
7.87917e-38
6.68831e-38
7.52536e-38
5.75225e-38
1.04253e-37
1.15098e-37
5.21557e-38
8.50028e-38
 1.2546e-37
1.02681e-37
1.73564e-37
1.77337e-37
 1.8805e-37
1.08672e-37
1.27336e-37
1.67255e-37
1.78122e-37
1.75049e-37
2.21147e-37
2.18731e-37
2.47954e-37
2.40395e-37
 2.8631e-37
3.03739e-37
3.26648e-37
3.35186e-37
3.37113e-37
 3.3832e-37
3.60131e-37
6.51782e-37
1.19256e-36
1.52318e-36
 9.4785e-37
 6.8334e-37
5.68916e-37
4.41032e-37
2.97158e-37
2.48358e-37
2.46112e-37
1.83891e-37
 1.5242e-37
6.16814e-38
3.77951e-38
5.00521e-38
7.07108e-38
1.17512e-37
1.48372e-37
2.01987e-37
 2.3148e-37
2.70866e-37
3.64936e-37
4.67784e-37
6.58255e-37
8.99486e-37
1.18325e-36
1.36007e-36
1.04031e-36
4.16561e-37
2.69465e-37
2.40508e-37
2.08717e-37
1.65904e-37
1.63343e-37
1.09283e-37
1.00902e-37
7.23085e-38
6.58663e-38
6.07455e-38
8.15812e-38
1.25626e-37
1.01469e-37
1.15905e-37
1.10105e-37
1.31136e-37
1.54554e-37
2.17654e-37
2.55182e-37
 3.0343e-37
4.41245e-37
3.60497e-37
4.76539e-37
7.00645e-37
7.83214e-37
7.43807e-37
5.75072e-37
3.37008e-37
3.21932e-37
2.82699e-37
2.79146e-37
2.52217e-37
2.23146e-37
2.40385e-37
 1.9605e-37
2.28352e-37
2.03203e-37
 1.7658e-37
1.61075e-37
1.88354e-37
  1.568e-37
1.63965e-37
 1.4334e-37
1.70676e-37
1.96932e-37
2.05809e-37
1.83278e-37
1.40567e-37
1.43692e-37
1.95172e-37
1.63482e-37
1.55935e-37
1.58891e-37
1.30393e-37
1.04402e-37
1.30191e-37
1.05462e-37
1.09731e-37
 1.0995e-37
1.01506e-37
6.72373e-38
8.12009e-38
1.19074e-37
1.82674e-37
2.22204e-37
7.26669e-38
9.61604e-38
1.02401e-37
8.52522e-38
1.07889e-37
 1.1305e-37
9.15453e-38
1.39787e-37
1.29913e-37
1.76005e-37
2.26782e-37
2.46839e-37
3.32421e-37
2.83653e-37
8.52226e-38
6.31925e-38
6.94726e-38
1.65698e-37
2.49919e-37
2.24901e-37
2.27879e-37
3.26603e-37
 2.5945e-37
3.20447e-37
 3.1882e-37
3.75059e-37
3.75386e-37
3.58609e-37
2.25435e-37
  2.274e-37
1.86583e-37
1.04922e-37
1.22857e-37
1.78511e-37
2.44678e-37
2.36618e-37
1.94988e-37
2.77736e-37
3.07679e-37
3.11923e-37
2.98599e-37
2.85805e-37
 2.4852e-37
1.89851e-37
2.49214e-38
1.40905e-37
1.86981e-37
 2.5246e-37
3.15937e-37
2.87951e-37
2.89804e-37
2.24817e-37
 2.5135e-37
 2.3211e-37
2.00664e-37
1.70225e-37
1.57568e-37
1.57852e-37
1.62346e-37
1.14511e-37
1.14424e-37
9.01448e-38
1.39206e-37
1.60023e-37
 2.0931e-37
1.97031e-37
1.49973e-37
2.13062e-37
1.99661e-37
1.73384e-37
1.39255e-37
1.37161e-37
2.09676e-37
1.92161e-37
1.81036e-37
1.92528e-37
1.97861e-37
2.16527e-37
2.25748e-37
1.90751e-37
2.02732e-37
 2.3248e-37
2.21406e-37
2.13199e-37
2.41823e-37
 2.1664e-37
2.49487e-37
2.36466e-37
2.26773e-37
2.20431e-37
2.43173e-37
2.23334e-37
2.74701e-37
2.30024e-37
2.26682e-37
2.63461e-37
2.24297e-37
2.68514e-37
2.60363e-37
 3.0912e-37
3.22471e-37
3.08032e-37
2.95142e-37
2.92422e-37
3.26888e-37
3.27169e-37
3.68311e-37
3.52571e-37
2.90065e-37
1.71254e-37
1.90952e-37
2.43406e-37
2.44428e-37
2.46411e-37
2.60418e-37
2.60619e-37
2.64414e-37
2.84603e-37
3.05924e-37
3.35857e-37
3.78336e-37
3.61426e-37
3.80477e-37
4.15274e-37
3.98893e-37
4.22204e-37
3.82678e-37
4.16198e-37
3.39048e-37
3.01797e-37
3.17066e-37
3.17384e-37
2.87481e-37
3.33259e-37
3.06235e-37
2.92404e-37
3.08485e-37
2.79076e-37
3.21636e-37
3.27389e-37
2.93524e-37
 2.9999e-37
3.17958e-37
3.05431e-37
3.01291e-37
2.63371e-37
 2.7357e-37
2.56873e-37
2.51463e-37
2.51115e-37
2.25779e-37
2.14198e-37
2.69254e-37
1.84842e-37
2.42742e-37
1.95875e-37
 2.1138e-37
2.24185e-37
2.21344e-37
2.19419e-37
2.22879e-37
2.07227e-37
2.24955e-37
2.26157e-37
2.33886e-37
1.99866e-37
2.44362e-37
2.60274e-37
2.86439e-37
3.23173e-37
3.52689e-37
3.84273e-37
4.07145e-37
 3.9347e-37
3.91843e-37
 4.0674e-37
3.42431e-37
2.40035e-37
 1.7155e-37
3.98335e-37
5.76364e-37
5.83314e-37
6.59112e-37
6.46408e-37
6.26092e-37
5.12558e-37
4.23228e-37
 3.3846e-37
2.55363e-37
2.24416e-37
2.84027e-37
9.97296e-38
9.69632e-38
1.05143e-37
1.23509e-37
9.00478e-38
 9.1649e-38
1.54675e-37
1.31189e-37
1.28845e-37
7.96636e-38
1.01576e-37
2.43361e-38
 2.4904e-38
1.32577e-37
1.13848e-37
 1.1209e-37
1.28298e-37
1.80157e-37
1.77368e-37
2.20941e-37
2.25833e-37
2.65579e-37
2.91208e-37
3.46034e-37
3.98835e-37
4.46121e-37
3.84982e-37
2.51413e-37
2.42977e-37
2.65611e-37
 2.6316e-37
1.96582e-37
2.62945e-37
2.92148e-37
2.71464e-37
2.74777e-37
2.60281e-37
2.32869e-37
2.84044e-37
2.69232e-37
2.63331e-37
2.44846e-37
2.39565e-37
1.69724e-37
2.54272e-37
1.95419e-37
2.19935e-37
2.19402e-37
 2.6189e-37
2.34116e-37
2.22143e-37
2.18473e-37
2.42005e-37
2.41886e-37
2.41481e-37
2.17712e-37
2.59723e-37
2.84839e-37
1.72075e-37
2.34246e-37
2.61652e-37
2.57188e-37
2.54722e-37
2.66205e-37
2.18902e-37
1.71136e-37
1.76375e-37
1.74976e-37
1.20791e-37
1.94023e-37
2.43026e-37
2.72953e-37
2.51843e-37
2.75774e-37
2.86153e-37
2.62385e-37
2.73292e-37
3.28332e-37
3.70598e-37
 4.0246e-37
 4.4816e-37
4.39094e-37
4.07549e-37
3.63315e-37
3.41857e-37
3.61913e-37
3.21245e-37
3.35597e-37
3.17058e-37
3.38232e-37
3.23765e-37
2.95827e-37
3.20634e-37
3.24657e-37
3.07458e-37
3.18033e-37
3.01061e-37
2.88274e-37
3.13442e-37
2.95213e-37
3.26644e-37
4.04713e-37
4.84972e-37
4.97708e-37
4.83399e-37
3.75032e-37
4.19932e-37
4.25169e-37
  4.714e-37
4.83941e-37
4.76551e-37
5.24678e-37
 4.9181e-37
5.25748e-37
4.84294e-37
4.70079e-37
5.30296e-37
5.02617e-37
5.21515e-37
4.90334e-37
4.76167e-37
4.76463e-37
4.17724e-37
3.51432e-37
2.92822e-37
2.56525e-37
2.25102e-37
 2.5722e-37
2.60771e-37
2.10396e-37
2.22565e-37
2.04006e-37
2.49957e-37
2.50652e-37
2.86024e-37
3.41354e-37
3.38959e-37
3.79562e-37
3.74158e-37
3.88337e-37
3.56104e-37
3.89353e-37
3.27863e-37
2.89252e-37
2.93787e-37
2.25848e-37
1.96357e-37
1.81054e-37
1.70952e-37
1.95134e-37
1.50219e-37
2.07539e-37
1.75408e-37
1.73417e-37
1.35591e-37
1.40487e-37
2.19066e-37
2.66184e-37
2.82713e-37
2.91546e-37
3.04641e-37
3.51647e-37
3.09391e-37
2.58715e-37
1.59805e-37
1.97568e-37
1.24157e-37
1.72777e-37
 8.4035e-38
1.21229e-37
1.12893e-37
1.33202e-37
1.06059e-37
1.23467e-37
1.12236e-37
7.31277e-38
8.57734e-38
1.21516e-37
1.21442e-37
1.25589e-37
1.51856e-37
1.41446e-37
1.52222e-37
1.70226e-37
1.75042e-37
1.78007e-37
1.99608e-37
 2.0767e-37
2.35907e-37
2.20597e-37
1.63464e-37
1.51651e-37
 1.2018e-37
1.21665e-37
6.34259e-38
1.06737e-37
8.27289e-38
1.54158e-37
 1.7723e-37
1.68548e-37
1.60262e-37
1.86359e-37
1.53246e-37
1.15271e-37
1.39377e-37
9.79526e-38
1.06565e-37
1.01114e-37
1.17828e-37
1.10595e-37
1.13941e-37
9.88942e-38
1.26341e-37
1.11615e-37
1.12927e-37
 1.1798e-37
1.40837e-37
9.77531e-38
1.31544e-37
1.14575e-37
1.32667e-37
1.58567e-37
1.16086e-37
1.18296e-37
1.41237e-37
1.06276e-37
1.07218e-37
1.22389e-37
1.41494e-37
1.26496e-37
1.83638e-37
1.09847e-37
1.68453e-37
1.40436e-37
1.46046e-37
1.10848e-37
 1.5593e-37
1.27484e-37
1.55655e-37
1.45898e-37
1.92642e-37
1.86548e-37
1.98475e-37
2.22795e-37
 2.1032e-37
2.64361e-37
2.25013e-37
2.37815e-37
2.46347e-37
2.51223e-37
2.20279e-37
2.22686e-37
2.01863e-37
1.75448e-37
1.35845e-37
1.27446e-37
1.24063e-37
6.63585e-38
5.87849e-39
8.07069e-38
1.15605e-37
9.43491e-38
1.14728e-37
1.21101e-37
1.47131e-37
1.06362e-37
7.07321e-38
7.08375e-38
8.68853e-38
7.53287e-38
8.26652e-38
1.40516e-37
1.09049e-37
1.27011e-37
1.66214e-37
1.31859e-37
1.14806e-37
1.20527e-37
1.34471e-37
1.00363e-37
1.13845e-37
1.38494e-37
1.06113e-37
1.66368e-37
1.32846e-37
1.32936e-37
1.26853e-37
1.63993e-37
1.59742e-37
1.41562e-37
1.47745e-37
1.49603e-37
1.51812e-37
1.20935e-37
1.17994e-37
9.69876e-38
1.39715e-37
1.37667e-37
1.42582e-37
1.28511e-37
8.74729e-38
9.48324e-38
1.02708e-37
 1.0432e-37
7.58292e-38
1.12017e-37
1.19723e-37
9.97458e-38
9.64489e-38
9.60796e-38
9.31792e-38
9.74593e-38
1.43451e-37
 1.2652e-37
1.48002e-37
1.24627e-37
1.18053e-37
9.78455e-38
9.52335e-38
8.42783e-38
3.77639e-38
 4.0194e-38
2.20344e-38
6.33394e-38
1.02042e-37
1.27279e-37
1.03098e-37
5.57433e-38
8.29388e-38
8.76699e-38
1.13911e-37
1.01635e-37
1.05078e-37
1.30366e-37
1.21977e-37
1.43672e-37
1.05232e-37
1.32915e-37
  1.195e-37
1.12124e-37
9.82163e-38
1.15233e-37
1.34962e-37
1.13954e-37
1.11764e-37
8.38471e-38
7.97543e-38
5.74462e-38
 9.7491e-38
7.30694e-38
8.54775e-38
 1.3079e-37
1.09564e-37
9.68888e-38
1.12096e-37
1.12882e-37
1.06618e-37
8.02133e-38
1.09457e-37
 1.0702e-37
9.18218e-38
1.06185e-37
1.23158e-37
9.97651e-38
8.86654e-38
1.10637e-37
8.38324e-38
7.83801e-38
7.93087e-38
4.67441e-38
1.11435e-37
7.12866e-38
 5.9883e-38
6.48993e-38
 6.5314e-38
8.61795e-38
6.20889e-38
6.00116e-38
6.94816e-38
7.79487e-38
7.91414e-38
7.62852e-38
7.64114e-38
9.75137e-38
8.66691e-38
1.08656e-37
1.55045e-37
1.47208e-37
1.66204e-37
1.48731e-37
9.71446e-38
1.28649e-37
 9.8475e-38
8.51946e-38
9.43806e-38
5.02689e-38
4.26011e-38
3.93315e-38
 4.1865e-38
4.98321e-38
4.06996e-38
 8.2836e-38
4.32773e-38
7.38418e-38
5.38202e-38
4.97332e-38
4.08931e-38
1.63517e-38
9.83337e-39
4.24301e-38
2.81213e-38
4.12831e-38
8.88725e-39
3.24583e-38
9.33429e-39
3.93527e-38
1.26418e-38
4.44894e-38
2.74493e-38
5.07502e-38
6.82437e-38
5.57552e-38
9.33602e-38
7.81359e-38
5.13125e-38
1.00196e-37
1.12428e-37
1.62608e-37
1.09615e-37
4.63753e-38
6.25783e-38
6.07339e-38
5.84777e-38
6.74874e-38
6.81556e-38
6.57347e-38
1.14411e-37
8.31279e-38
9.99899e-38
7.24622e-38
1.01069e-37
9.74018e-38
 4.9391e-38
7.99444e-38
6.64338e-38
4.92276e-38
2.36759e-38
1.39761e-38
4.72236e-38
6.27273e-38
 3.2695e-38
9.85578e-38
1.28183e-37
1.43468e-37
1.18564e-37
1.34201e-37
1.24689e-37
5.06633e-38
6.68943e-38
8.82373e-38
9.28061e-38
9.93931e-38
7.57219e-38
5.24984e-38
8.13288e-38
1.21887e-37
1.08961e-37
 9.9991e-38
8.63717e-38
8.70871e-38
1.03901e-37
7.94599e-38
8.58743e-38
1.03328e-37
1.21223e-37
  5.917e-38
6.54998e-38
4.29277e-38
5.94709e-38
5.02846e-38
9.81797e-38
6.32269e-38
7.14569e-38
5.07171e-38
6.01097e-38
 1.0409e-37
7.18656e-38
1.01224e-37
7.94366e-38
8.35585e-38
3.87261e-38
4.39662e-38
5.48417e-38
5.89709e-38
5.00136e-38
7.88227e-38
4.94945e-38
4.88986e-38
9.22848e-38
4.69572e-38
5.45574e-38
4.61345e-38
6.76264e-38
7.24909e-38
9.30464e-38
1.01029e-37
8.09592e-38
7.58112e-38
7.02074e-38
9.90753e-38
9.82992e-38
4.43424e-38
1.12575e-37
1.19142e-37
6.68926e-38
1.10054e-37
1.11434e-37
1.02684e-37
1.15056e-37
1.31578e-37
1.19337e-37
1.34589e-37
1.27944e-37
1.17574e-37
1.41194e-37
1.42012e-37
1.17771e-37
1.61609e-37
9.95617e-38
1.28916e-37
1.52366e-37
1.08491e-37
1.10936e-37
 5.0566e-38
1.00169e-37
6.62863e-38
7.19936e-38
8.18815e-38
3.70326e-38
6.04825e-38
3.73371e-38
4.60193e-38
3.18059e-38
4.12497e-38
6.85105e-38
6.34763e-38
6.82712e-38
9.90776e-38
9.73816e-38
6.43373e-38
5.96439e-38
8.27271e-38
8.76404e-38
6.34687e-38
9.98645e-38
6.85123e-38
 6.6796e-38
9.29353e-38
1.04604e-37
1.37523e-37
6.69395e-38
1.51691e-37
1.10574e-37
8.95009e-38
9.32373e-38
7.40032e-38
5.10486e-38
6.95527e-38
3.93048e-38
 5.9768e-38
5.61674e-38
6.29135e-38
2.35083e-38
3.89674e-38
5.13972e-38
4.73751e-38
3.80846e-38
 8.4678e-38
 3.6243e-38
1.02514e-37
6.02978e-38
6.61984e-38
5.14918e-38
 7.6344e-38
9.64702e-38
8.52109e-38
5.85422e-38
9.23551e-38
4.60435e-38
4.79231e-38
 4.2879e-38
3.22751e-38
6.73202e-38
8.24862e-38
1.04855e-37
8.45762e-38
3.37261e-38
8.98649e-38
4.31152e-38
7.04397e-38
3.33581e-38
6.68809e-38
8.36623e-38
5.20826e-38
2.70565e-38
8.94356e-38
4.05836e-38
7.94472e-38
 5.2317e-38
1.89864e-38
4.52527e-38
 4.3308e-38
5.36847e-38
6.62592e-39
2.33786e-38
2.84096e-38
4.06713e-38
3.14955e-38
 2.3338e-38
2.26338e-38
2.43244e-38
1.38589e-38
4.23427e-38
3.98318e-38
1.88702e-38
 1.5184e-38
3.88752e-38
1.51579e-38
1.98044e-38
4.46629e-39
4.56327e-39
3.22574e-38
5.03461e-38
2.30099e-38
4.68306e-38
 2.9506e-38
4.62486e-38
 4.6936e-38
4.24495e-38
3.99461e-38
5.50102e-38
5.05683e-38
8.11953e-38
4.09833e-38
9.23991e-38
 4.5009e-38
7.59677e-38
4.86263e-38
5.13743e-38
6.15063e-38
2.94435e-38
6.46246e-38
4.61205e-38
4.90481e-38
4.14541e-38
3.49792e-38
1.85041e-38
2.58796e-38
3.24705e-38
5.03934e-38
8.79153e-38
4.12288e-38
4.11837e-38
4.07374e-38
2.99637e-38
4.32987e-38
1.01751e-37
8.46232e-38
1.15118e-37
1.14178e-37
1.03479e-37
1.11541e-37
9.38367e-38
 1.2288e-37
1.15366e-37
9.29756e-38
1.33315e-37
 8.9566e-38
1.06951e-37
1.03098e-37
1.33779e-37
8.81277e-38
9.95261e-38
7.12746e-38
 6.3116e-38
8.40891e-38
1.17082e-37
9.71702e-38
1.03882e-37
1.27374e-37
1.08606e-37
1.06856e-37
 9.3016e-38
7.38523e-38
8.54313e-38
  6.386e-38
9.55947e-38
1.13563e-37
8.86624e-38
9.98315e-38
9.68085e-38
9.69291e-38
 8.2809e-38
9.42734e-38
6.31202e-38
6.37964e-38
1.40743e-38
2.68462e-38
5.41272e-38
4.84061e-38
7.58502e-38
2.65437e-38
 2.8847e-38
2.89561e-38
3.51489e-38
 2.0597e-38
2.29768e-38
4.62406e-38
5.80155e-38
5.36354e-38
3.95757e-38
3.40929e-38
4.26213e-38
6.60038e-38
3.44389e-38
6.95182e-38
5.23703e-38
3.88898e-38
7.45369e-38
3.66516e-38
4.13172e-38
8.74019e-39
3.02713e-38
4.08999e-38
2.87501e-38
 5.5667e-38
5.52131e-38
 6.7613e-38
4.19296e-38
5.85245e-38
6.80404e-38
8.18509e-38
4.63322e-38
 4.3065e-38
2.48934e-38
3.73883e-38
1.43962e-38
1.60936e-38
2.27185e-38
4.19216e-38
   4.19e-38
3.70318e-38
6.76533e-39
2.75069e-38
2.83018e-38
2.14195e-38
3.35831e-38
2.32052e-38
2.92457e-38
2.10066e-38
3.53229e-38
4.08979e-38
2.88203e-38
2.19191e-38
2.84173e-38
4.00828e-38
2.64421e-38
2.12161e-38
5.22838e-38
3.13177e-38
5.91609e-38
8.88657e-38
4.30427e-38
2.54304e-38
5.26151e-38
 1.2374e-38
 5.7616e-38
7.55157e-38
4.45128e-38
 1.9972e-38
3.94665e-38
1.44378e-38
1.32135e-38
4.96966e-38
4.08513e-38
3.12029e-38
6.82238e-38
1.46468e-38
7.38766e-38
 9.7657e-38
9.48791e-38
7.90926e-38
 8.1676e-38
6.52384e-38
4.75008e-38
1.71209e-38
3.76883e-39
2.10697e-38
6.67324e-39
9.49247e-39
3.56272e-38
1.51288e-38
3.44903e-38
1.85576e-38
3.97811e-38
4.79117e-38
9.26444e-39
2.24948e-38
 2.1173e-38
5.21669e-38
4.33557e-38
4.22385e-38
5.27262e-38
5.07729e-38
5.10354e-38
 2.1147e-38
 6.0629e-38
2.92464e-38
4.57558e-38
5.35868e-39
4.44932e-38
2.96139e-38
1.49461e-38
2.98567e-38
2.60515e-38
 4.3444e-38
3.26902e-38
 5.6742e-38
5.01295e-38
3.51537e-38
8.85482e-38
2.27975e-38
4.47901e-38
2.49677e-38
4.11672e-38
3.75424e-38
4.79512e-38
1.07145e-37
8.73268e-38
8.71759e-38
1.14796e-37
9.03618e-38
1.06698e-37
5.94637e-38
8.76057e-38
7.28703e-38
  9.689e-38
3.98095e-38
8.56999e-38
5.75479e-38
  4.699e-38
8.50322e-38
3.50942e-38
7.71169e-38
 6.2841e-38
6.32076e-38
8.02459e-38
4.04088e-38
4.70439e-38
7.20128e-38
 6.8373e-38
2.84522e-38
6.64569e-38
4.75684e-38
2.19589e-38
2.61353e-38
3.73098e-38
3.38267e-38
2.62903e-38
4.54426e-38
2.75224e-38
 1.5691e-38
2.71497e-38
2.65642e-38
3.04737e-38
2.25483e-38
1.87011e-38
5.16498e-38
6.08496e-39
4.79959e-38
2.28136e-38
 1.7427e-38
3.55446e-39
3.15958e-38
2.13504e-38
2.72619e-38
 1.6564e-38
2.59992e-38
 1.6789e-38
3.29311e-38
4.71754e-38
5.06503e-38
5.69823e-38
8.81546e-38
 5.5843e-38
8.61823e-38
 6.8466e-38
1.02824e-37
9.97263e-38
9.73783e-38
8.66864e-38
1.40038e-37
9.58432e-38
1.20845e-37
1.58972e-37
1.20761e-37
1.40978e-37
 1.5766e-37
1.61624e-37
1.11131e-37
1.37049e-37
 1.0171e-37
6.87808e-38
1.22336e-37
8.58375e-38
 7.1278e-38
7.92486e-38
4.63767e-38
7.58807e-38
7.64789e-38
2.34126e-38
5.03963e-38
6.93591e-38
3.87257e-38
 4.8215e-38
5.28035e-38
1.42831e-38
5.49755e-38
3.98912e-38
5.71946e-38
1.02536e-37
9.29802e-38
1.22663e-37
1.02335e-37
7.91322e-38
1.25839e-37
1.01209e-37
9.02499e-38
1.05612e-37
9.42067e-38
8.48007e-38
 8.1066e-38
8.77832e-38
9.53582e-38
4.93766e-38
6.69236e-38
7.87252e-38
9.83872e-38
5.61831e-38
6.63358e-38
5.29444e-38
6.44415e-38
4.10555e-38
6.79048e-38
8.93955e-38
8.13038e-38
9.10792e-38
6.42249e-38
6.39398e-38
7.19007e-38
6.32871e-38
4.32204e-38
7.08945e-38
5.23208e-38
4.65904e-38
 6.2197e-38
5.75965e-38
5.93204e-38
7.44936e-38
5.39832e-38
6.88721e-38
8.89342e-38
6.39311e-38
6.56331e-38
6.58099e-38
7.46801e-38
 1.1964e-37
6.94925e-38
9.79998e-38
8.45213e-38
1.13189e-37
9.33611e-38
8.59841e-38
8.15526e-38
1.00053e-37
1.09364e-37
6.19102e-38
5.60819e-38
1.56474e-38
5.29124e-38
 5.1398e-38
3.33066e-38
3.91536e-38
2.28917e-38
5.16671e-38
5.23928e-38
1.37309e-38
3.55901e-38
2.58087e-38
1.02008e-38
2.33111e-38
1.81859e-38
6.20147e-38
5.23694e-38
9.76718e-39
5.03552e-38
4.05375e-38
2.15065e-38
2.59451e-38
3.93195e-38
4.89467e-38
6.25783e-38
6.26018e-38
5.70169e-38
5.29704e-38
7.68593e-38
6.21325e-38
7.16799e-38
8.43543e-38
4.72001e-38
3.64791e-38
6.17623e-38
2.53372e-38
3.13234e-38
2.22699e-38
3.11221e-38
1.04524e-38
2.54295e-38
4.32113e-38
2.30912e-38
 1.4757e-38
2.23188e-38
2.24955e-38
3.14057e-38
1.67621e-38
2.26329e-38
3.98406e-38
1.52669e-38
7.30262e-38
3.15201e-38
3.09387e-38
  3.865e-38
6.85545e-38
3.04014e-38
5.58016e-38
4.10252e-38
4.52597e-38
5.02431e-38
1.30861e-38
4.80465e-38
4.89525e-38
2.43242e-38
 3.1821e-38
5.37234e-38
3.55613e-38
6.02888e-38
4.55237e-38
5.73951e-38
8.03537e-38
9.05278e-38
4.32249e-38
6.98329e-38
8.99452e-38
8.83426e-38
8.51107e-38
7.86899e-38
7.28789e-38
5.30264e-38
5.84889e-38
6.65957e-38
1.01718e-37
6.07621e-38
 9.0761e-38
7.68306e-38
6.15952e-38
7.08452e-38
9.74913e-38
5.28056e-38
5.96079e-38
5.54099e-38
5.87911e-38
6.22894e-38
3.40604e-38
6.31973e-38
8.08457e-38
5.11394e-38
4.02885e-38
4.73097e-38
7.21112e-38
2.29073e-38
5.42272e-38
    6.3e-38
3.44149e-38
7.81271e-38
3.66199e-38
5.87654e-38
3.57533e-38
7.27497e-38
6.42662e-38
2.52998e-38
 3.7663e-38
5.51966e-38
3.39393e-38
5.27007e-38
4.57541e-38
4.91179e-38
4.74014e-38
4.00517e-38
2.87138e-38
5.85221e-38
3.36207e-38
3.12103e-38
 3.3786e-38
6.20893e-38
2.49568e-38
5.50701e-38
3.40622e-38
1.54395e-38
3.23632e-38
4.49199e-38
2.37215e-38
 5.8415e-38
2.70554e-38
1.64736e-38
1.30637e-38
9.00142e-39
4.01574e-38
1.06389e-38
4.15772e-38
1.65913e-38
 5.5192e-38
4.33031e-38
  5.816e-38
3.68203e-38
2.94958e-38
4.80702e-38
3.38655e-38
3.08544e-38
 7.5153e-38
4.31863e-38
2.66568e-38
2.61995e-38
4.30361e-38
2.46541e-38
3.28695e-38
1.92524e-38
2.27823e-38
3.28751e-38
3.83891e-38
3.65671e-38
3.19101e-38
3.89182e-38
 2.9377e-38
3.01694e-38
2.92111e-38
2.96306e-38
2.63897e-38
2.23788e-38
2.32411e-38
 3.0714e-38
2.25306e-38
3.27403e-38
3.32892e-38
3.50166e-38
4.16343e-38
4.58897e-38
3.32501e-38
3.91736e-38
2.97428e-38
3.09026e-38
 5.8007e-38
1.71108e-38
2.79104e-38
3.36825e-38
2.41139e-38
1.55058e-38
2.46645e-38
2.56462e-38
2.09875e-38
5.06828e-38
2.23782e-38
 2.4735e-38
1.61074e-38
2.50571e-38
1.06593e-38
2.51265e-38
1.80076e-38
3.22203e-38
 4.9569e-39
2.75919e-38
1.16645e-38
2.03994e-38
4.52666e-38
9.53431e-39
5.24838e-39
3.52187e-38
1.91399e-38
 1.6998e-38
1.87263e-38
1.33892e-38
2.78701e-39
2.27093e-39
1.92065e-38
1.04721e-38
2.08097e-38
 2.3455e-38
 2.7091e-38
7.53541e-39
4.21215e-38
2.87911e-38
4.85855e-38
5.08582e-38
 7.1528e-38
7.21005e-38
5.46718e-38
 7.9318e-38
1.06998e-37
9.21319e-38
9.29172e-38
7.54856e-38
 6.9372e-38
7.87255e-38
7.76417e-38
6.09758e-38
5.74554e-38
7.48417e-38
6.07202e-38
6.90568e-38
6.33941e-38
6.18966e-38
5.52968e-38
4.41035e-38
3.77088e-38
4.52591e-38
5.81858e-38
5.10107e-38
1.75473e-38
 7.3724e-38
3.74978e-38
 2.4801e-38
4.64906e-38
4.65385e-38
4.05486e-38
2.64268e-38
2.49247e-38
4.03414e-38
2.61294e-38
6.08141e-38
2.77476e-38
 3.8978e-38
4.12223e-38
3.62052e-38
 3.8409e-38
5.37004e-39
1.66118e-38
1.76745e-38
 3.0509e-38
 6.0842e-38
4.43884e-38
 1.4257e-38
3.26097e-38
3.01735e-38
1.62846e-38
 2.3539e-38
1.22858e-39
1.27378e-38
4.18886e-38
4.32576e-38
2.90115e-38
2.68189e-38
6.68128e-39
4.91419e-38
3.48825e-38
7.54886e-39
3.86384e-38
 3.2224e-38
 1.3041e-38
3.50746e-38
3.33302e-38
2.76349e-38
3.70843e-38
2.00598e-38
3.34208e-38
 2.9943e-38
8.32123e-39
1.73742e-38
3.44825e-38
1.96006e-38
2.99247e-38
6.33601e-38
4.24865e-38
4.85675e-38
5.71592e-38
3.28102e-38
2.97349e-38
4.72719e-38
4.22475e-38
5.68117e-38
3.19618e-38
6.62536e-38
1.48607e-38
7.03421e-38
3.49565e-38
6.58678e-38
3.46594e-38
5.60766e-38
 4.7855e-38
3.80025e-38
 4.5911e-38
2.78152e-38
6.22343e-38
 2.6573e-38
  2.978e-38
3.59366e-38
2.26339e-38
 3.1854e-38
1.98641e-38
3.65777e-38
4.49707e-38
3.62458e-38
2.23409e-38
3.88867e-38
5.28685e-38
1.73114e-38
1.13546e-38
3.12287e-38
3.36835e-38
3.12024e-38
1.69421e-38
8.77791e-39
 2.0467e-38
1.13416e-38
3.08966e-38
7.28304e-39
3.11493e-38
2.63189e-38
1.89204e-38
  5.342e-38
3.05734e-38
 3.0809e-38
 5.9996e-38
 3.4765e-38
1.42978e-38
2.27187e-38
2.97542e-38
1.81081e-38
2.76882e-38
2.41088e-38
2.84029e-38
 5.6223e-39
1.38804e-38
2.50055e-38
3.70061e-39
3.55317e-38
3.79044e-38
3.08114e-38
2.64414e-38
 9.7409e-39
3.55606e-38
1.38966e-38
3.94155e-38
4.37725e-38
1.92433e-38
5.30108e-38
4.69529e-38
1.45385e-38
4.39787e-38
2.57548e-38
5.39132e-38
2.93532e-38
6.13356e-38
 2.4794e-38
7.02113e-38
5.06902e-38
3.65288e-38
 4.7183e-38
 2.5691e-38
6.73196e-38
5.04045e-38
1.88328e-38
6.91072e-38
5.72222e-38
3.45939e-38
4.89119e-38
4.55129e-38
5.23208e-38
2.06644e-38
3.77459e-38
4.69178e-38
4.61971e-38
4.54008e-38
3.23746e-38
5.86159e-38
 2.2314e-38
3.11109e-38
8.87287e-39
1.93668e-38
9.19705e-39
3.74588e-38
4.85689e-38
 1.2303e-38
4.15849e-38
3.12438e-38
 6.5385e-38
5.55227e-38
6.60966e-38
4.11068e-38
 6.8077e-38
 6.1548e-38
4.79556e-38
5.61118e-38
5.48738e-38
2.55416e-38
2.73291e-38
1.49744e-38
3.51772e-38
1.56392e-38
4.72521e-38
4.12925e-38
2.28123e-38
2.14204e-38
2.22707e-38
 9.1256e-39
1.79449e-38
4.16411e-38
3.49026e-38
5.63567e-39
1.07284e-38
1.24881e-38
1.35224e-38
1.76666e-38
2.84226e-38
1.27342e-38
1.51389e-38
4.06615e-38
3.23349e-38
 1.5489e-38
2.37553e-38
2.36243e-38
2.32418e-38
 7.3582e-39
 2.2065e-38
3.25202e-38
2.72316e-38
1.43932e-38
2.90436e-38
4.38903e-38
3.18827e-38
2.17728e-38
2.71725e-38
 2.6735e-38
2.25335e-38
1.84982e-38
1.80403e-38
2.01882e-38
5.41548e-38
6.63306e-38
1.68085e-38
3.05802e-38
 3.7324e-38
2.84764e-38
1.15786e-38
1.90225e-38
2.07551e-38
 2.9383e-38
3.54368e-38
 2.3695e-38
2.22353e-38
4.11057e-38
5.03795e-38
6.05475e-38
5.44793e-38
4.15589e-38
4.01458e-38
5.05293e-38
 1.3707e-38
4.30353e-38
 4.5381e-38
1.91224e-38
3.48379e-38
2.70215e-38
3.85985e-38
3.13854e-38
1.87623e-38
3.13497e-38
3.17932e-38
2.38991e-38
5.30943e-38
2.13246e-38
3.10576e-38
1.58493e-38
4.50119e-38
3.03276e-38
2.44641e-38
3.36393e-38
4.53126e-38
7.99847e-39
2.93458e-38
1.01173e-38
2.92169e-38
2.98734e-38
 4.7874e-38
3.85416e-38
3.20009e-38
2.14797e-38
5.79922e-38
1.64913e-38
4.64869e-38
3.70655e-38
1.57187e-38
1.21475e-39
4.48274e-38
2.25399e-38
2.10201e-38