 1.90614
 1.97714
 1.90278
 1.97127
 1.88102
 1.94637
 1.85748
 1.91005
 1.80884
 1.86475
 1.76154
 1.81634
 1.69974
 1.75823
 1.63537
 1.70241
  1.5541
 1.63229
 1.47311
 1.54949
 1.39241
 1.46377
 1.31041
 1.39193
 1.24584
 1.31447
 1.18297
 1.26691
 1.13663
 1.21018
 1.08239
 1.16331
 1.03543
 1.12534
 1.02411
 1.07654
0.921631
0.993704
0.878812
0.985188
0.864562
0.994227
0.873414
 1.00432
0.903839
  1.0515
0.975015
0.910823
0.661175
0.665188
0.515278
0.555608
0.415705
0.475267
0.336419
0.390705
0.257299
0.321176
 0.22243
0.257343
0.173843
0.217761
0.139979
0.179581
0.114985
0.192593
0.116661
0.199876
0.147137
  0.2454
0.176686
0.290903
0.259258
0.360097
 0.36748
0.446713
0.491965
0.577509
0.618681
0.689103
0.696855
0.617354
0.427713
0.489832
0.483796
0.527306
 0.55578
0.551552
0.591942
0.669499
0.671088
0.584401
0.577809
0.443569
0.423522
0.341317
0.366861
0.270199
0.309223
0.237084
0.278206
0.226929
0.272033
0.249109
0.293617
0.277336
0.327316
0.310484
0.379964
0.358041
0.446573
0.418253
0.534786
0.486801
0.637054
0.557734
0.724934
0.625137
0.821306
0.729505
 0.91495
0.832388
 1.01416
0.915106
  1.0895
0.992863
 1.16048
 1.08326
 1.24879
 1.16322
  1.3209
 1.21533
  1.3815
 1.27407
 1.45501
 1.32778
 1.49894
 1.33853
 1.51136
 1.33615
 1.52811
 1.36346
  1.5327
  1.3883
 1.54056
 1.39806
 1.52409
 1.39333
 1.52622
 1.39782
 1.51765
 1.37285
 1.50219
 1.36487
 1.47275
 1.33588
 1.43498
 1.30893
 1.41734
 1.32307
 1.36949
 1.30222
 1.36539
 1.29976
 1.39195
 1.32869
 1.38923
 1.28878
 1.33845
 1.27966
 1.31613
 1.26697
 1.30982
 1.26451
  1.2949
 1.24691
 1.29331
 1.24551
 1.27412
 1.23949
 1.24486
 1.20039
  1.2093
 1.31351
 1.59611
 1.78886
  1.6387
 1.56611
 1.39955
 1.22466
 1.05091
0.842801
0.771086
0.535564
0.534346
0.279368
0.351717
0.156592
0.335316
0.185047
0.458425
0.363872
0.693681
0.652812
 1.05059
  1.0633
  1.5742
 1.70178
 2.27456
 2.43429
 2.78508
 2.50382
 2.74781
 2.51064
 2.71974
 2.54402
 2.75997
 2.47914
 2.74386
  2.6324
  2.9029
 2.87675
 3.17284
 3.24343
 3.51863
 3.65616
 3.92719
 4.11751
 4.38931
 4.64067
 4.92357
 5.19016
 5.52055
 5.73769
 6.08565
 6.42118
 6.73547
 6.99278
 7.14961
 7.23412
 7.35821
 7.43725
 7.53074
 7.64012
 7.68267
 7.84958
 7.82403
 8.02917
  7.9913
  8.1757
 8.12139
 8.33714
  8.2644
 8.47029
 8.39386
 8.58332
 8.53224
  8.6892
 8.65004
 8.74744
 8.72493
 8.78769
 8.73734
 8.74748
 8.72833
  8.7026
 8.68301
 8.65677
 8.61098
 8.54036
 8.50373
  8.3802
 8.34641
 8.18701
 8.21886
 8.04146
   8.092
 7.78663
 7.86196
 7.56177
 7.61577
  7.3297
 7.39203
 7.09027
 7.18446
 6.88809
 6.97583
 6.70323
 6.84024
 6.57971
 6.67558
 6.30225
 6.35832
 6.01556
  6.1303
 5.92025
 6.00629
 5.80274
  5.9378
 5.73516
 5.85384
 5.70982
 5.80487
 5.73225
 5.74214
 5.66395
 5.61593
 5.61942
 5.48654
 5.61678
 5.47581
 5.52795
 4.92093
 4.70349
 4.37329
  4.2813
 3.96696
 3.92434
 3.67739
 3.64207
 3.38427
 3.31943
 3.18778
 3.27398
 3.22989
  3.4045
 3.37461
 3.55866
 3.53575
 3.72147
 3.75176
  3.8966
 3.93146
 3.98776
 3.95401
 3.78644
 3.52839
 3.09358
 3.00632
 2.87244
  2.9294
 2.78944
 2.91673
 2.72909
 2.95286
 2.76988
 3.03476
 2.84872
 3.17606
 3.04405
 3.40847
 3.23975
 3.68978
 3.51279
 4.04287
 3.85489
  4.4146
 4.18124
 4.79598
  4.4992
 5.05332
 4.80334
 5.26271
 4.84244
 5.20015
 4.71719
  5.1344
 4.76857
 5.15489
 4.83136
 5.16234
 4.85081
 5.18618
 4.85338
 5.19524
 4.85897
 5.18747
 4.90353
   5.169
 4.89289
  5.1184
 4.89057
 5.07648
 4.87868
 4.98514
 4.76611
 4.77382
 4.63158
  4.6395
 4.50121
 4.49241
  4.3968
 4.35059
 4.30794
 4.25588
 4.24105
 4.19151
 4.21942
 4.13418
  4.1913
 4.13448
 4.18396
 4.10409
 4.09491
 3.98998
  4.0556
 3.89373
 4.01715
 3.86215
 3.99698
 3.86999
 4.04624
 3.88314
 4.11831
 3.91471
 4.16534
 3.96296
  4.1286
 3.98259
 4.28151
 4.18461
 4.49015
 4.35935
  4.6107
 4.54225
 4.75819
 4.68338
 4.89755
 4.81703
  5.0341
 4.90214
 5.09908
 4.99406
 5.23157
 5.18022
 5.40996
 5.46092
 5.65424
 5.71574
 5.83725
 5.95311
 6.05705
 6.13817
 6.19682
 6.30883
 6.32654
 6.48128
 6.47649
 6.69695
 6.77242
 6.90777
 6.93862
 7.00917
 6.94839
 6.93779
 6.83586
  6.9635
 6.94488
  7.0215
 7.03141
 7.06199
 7.03768
 6.96239
 6.87652
 6.77619
 6.66594
 6.58204
 6.50716
 6.33856
 6.24106
 6.14326
 6.09725
   5.981
 5.96379
 5.92533
 5.94852
 5.91702
 5.90575
 5.89869
 5.89744
 5.87485
 5.98556
 5.92354
 6.05907
 6.01083
 6.19596
 6.10328
 6.33815
  6.2228
 6.47201
 6.35544
 6.61121
 6.49723
 6.77223
 6.59034
 6.76722
 6.57409
 6.74163
 6.56945
 6.70488
 6.54239
 6.73805
 6.51344
  6.7347
 6.44453
 6.66079
 6.37865
 6.61906
 6.30049
 6.53235
 6.18098
 6.36479
  6.0426
  6.2638
 6.00927
 6.25835
 5.98671
 6.25065
 5.96051
 6.23948
 5.96471
 6.25631
 5.97506
 6.24392
 5.97531
 6.22002
 5.91328
 6.14171
 5.86839
 6.04412
 5.78534
 5.93306
  5.6549
 5.77744
 5.56329
 5.64397
 5.44253
 5.54799
 5.38659
 5.48399
 5.34295
 5.40144
 5.31263
 5.28396
 5.22072
 5.20407
 5.17172
 5.11877
 5.11584
  5.0202
 5.01547
 4.86273
 4.86025
 4.71316
 4.69621
 4.57396
 4.56623
 4.42553
 4.48575
 4.29034
 4.43073
 4.22959
   4.386
 4.19915
 4.38024
 4.19748
  4.4354
 4.25352
 4.53234
 4.41452
 4.77527
 4.64635
 4.99253
 4.79844
 5.14421
 4.96448
 5.29271
  5.1276
 5.42566
 5.30286
 5.54126
 5.49229
 5.76005
 5.77948
 5.90955
  5.8306
  5.8845
 5.74325
 5.70174
 5.57085
  5.4854
  5.3853
 5.27048
 5.25002
 5.10709
 5.12033
  5.0938
 5.11943
  5.1124
 5.15961
 5.21586
 5.30097
 5.34056
 5.50381
 5.53478
 5.77776
  5.7845
 6.12043
 6.10403
 6.42248
  6.3933
 6.70803
 6.69409
 6.96138
 6.95456
 7.20806
  7.2205
 7.46876
 7.46765
 7.69059
 7.66346
 7.79825
 7.81926
 7.98731
 8.09734
 8.22878
 8.37361
 8.49533
 8.61852
 8.68984
  8.8106
 8.78048
 8.88371
 8.82972
 8.90622
 8.81956
  8.9055
 8.77469
  8.9271
 8.78127
 8.91651
  8.7657
 8.91121
 8.70233
  8.8405
 8.65093
 8.79045
 8.59344
 8.71264
 8.50837
 8.59484
 8.42886
 8.43532
 8.27528
 8.30872
 8.13117
 8.10838
 7.94208
 7.82624
 7.67317
 7.52508
 7.44427
 7.22911
 7.22654
 7.01859
 7.04901
 6.81164
 6.83844
  6.5892
 6.63637
 6.34646
 6.41226
 6.11565
 6.15977
 5.81535
 5.87106
  5.4662
  5.5558
 5.12604
 5.27575
 4.83451
  5.0099
 4.56144
 4.77283
 4.32813
 4.53719
 4.10632
 4.36402
 3.91463
 4.22391
 3.75783
 4.08819
 3.66524
 4.00698
 3.59417
 3.98333
 3.58937
 3.93138
 3.53437
 3.82358
  3.4697
 3.82707
 3.44345
 3.80501
 3.40599
 3.76705
 3.36887
 3.70359
 3.33815
 3.63485
 3.29811
 3.58672
 3.20671
 3.49697
 3.08563
 3.34355
 2.95845
 3.15432
 2.81328
 2.99089
  2.7249
 2.86225
 2.66428
 2.73387
 2.61482
 2.64802
 2.57136
 2.63917
  2.6347
 2.66275
 2.70227
 2.67224
 2.76399
 2.64987
 2.74984
 2.59334
  2.7483
  2.5253
 2.74762
 2.54253
 2.76749
 2.58247
 2.86836
 2.65935
 2.95072
 2.73052
 3.06705
 2.79122
 3.16241
 2.90687
 3.29166
 3.07134
 3.38953
 3.13504
 3.42223
 3.17934
 3.42009
 3.13031
 3.35273
 3.10358
 3.34345
 3.07477
 3.32401
 3.03937
 3.34481
 3.06098
 3.35034
 3.06896
 3.33208
 3.06716
 3.33202
  3.1202
 3.34875
 3.16358
 3.38478
 3.20683
 3.38957
 3.24726
 3.39345
 3.27308
 3.40546
 3.30418
 3.38098
 3.29655
 3.28421
 3.24014
  3.1973
 3.20444
 3.10402
 3.16413
 3.06098
 3.15905
 3.07681
 3.15816
 3.02847
 3.08835
 2.96449
   3.011
 2.91164
 2.96956
 2.84887
 2.94618
 2.81082
 2.91712
  2.7535
 2.86443
 2.70766
  2.8027
 2.64251
 2.73628
 2.61117
 2.66561
 2.54838
 2.59731
  2.4787
 2.51971
 2.43078
 2.43507
 2.39944
 2.41244
 2.37971
 2.38195
 2.39492
 2.36171
 2.39979
 2.32998
 2.38594
 2.34153
 2.37492
 2.34557
 2.40556
 2.37943
 2.41883
 2.42828
 2.44415
 2.46375
 2.45347
 2.47259
 2.47806
 2.48067
 2.45905
 2.44732
 2.42921
 2.42331
 2.36807
 2.35025
 2.30619
 2.27967
 2.23839
 2.21413
 2.19361
 2.17614
 2.15348
 2.17827
 2.23036
 2.19275
 2.23971
 2.19148
 2.19766
 2.15309
 2.13335
 2.09794
 2.11851
 2.06289
 2.08136
 2.04876
 2.07266
 2.02074
 2.06944
 2.02834
 2.04118
 2.03054
 2.05635
 2.03272
 2.05811
 2.04557
 2.06463
 2.06662
 2.10248
 2.07021
 2.12177
 2.08943
 2.15282
 2.09118
 2.16561
 2.10237
 2.18706
 2.10234
 2.21431
 2.11281
 2.25573
 2.14466
 2.23818
 2.14911
 2.23255
 2.16851
 2.23536
 2.12069
 2.18882
 2.07871
 2.15671
 2.03325
 2.10083
 1.99131
  2.0772
  1.9599
 2.03644
 1.91831
 1.95197
 1.86604
  1.8186
 1.79122
 1.70807
 1.71134
 1.58742
 1.62882
 1.53363
 1.62165
 1.50669
 1.63249
 1.49844
 1.62133
 1.47251
  1.6391
 1.45861
 1.59519
  1.3923
 1.57874
 1.35383
 1.55158
 1.29777
 1.48533
 1.26118
 1.46358
  1.2343
 1.43241
 1.20872
 1.38966
 1.17195
 1.34332
  1.1372
 1.33305
 1.14908
 1.32463
 1.12436
 1.31931
 1.12065
 1.29531
 1.13648
  1.3057
 1.13806
 1.30335
  1.1443
 1.35606
 1.16286
 1.38482
 1.20183
 1.39711
 1.20068
 1.39035
  1.2379
 1.38864
 1.28306
 1.41851
 1.33903
 1.45781
 1.39889
 1.49398
 1.46557
 1.54451
 1.54442
 1.60291
 1.64327
 1.69392
 1.73009
 1.75762
 1.80544
   1.836
 1.89825
  1.8672
 1.98524
 1.93141
 1.98479
 1.94172
 1.97591
 1.91773
 1.98156
 1.89337
 1.96471
 1.87053
  1.9295
 1.84462
 1.91395
 1.83386
  1.8729
 1.81861
 1.81736
 1.75012
 1.78612
  1.6675
 1.71302
 1.57126
 1.64068
  1.5265
 1.58151
 1.49217
 1.51067
 1.45962
 1.47839
 1.44408
 1.47143
 1.44407
 1.51026
 1.47323
 1.55816
 1.53016
 1.60713
 1.57063
 1.61738
 1.61613
 1.67615
 1.63661
 1.70034
 1.60996
 1.69586
 1.66192
 1.74055
 1.72788
   1.767
 1.78531
 1.81716
 1.79995
 1.81872
 1.79846
 1.79719
 1.80672
 1.76874
 1.79768
 1.78872
 1.80444
 1.78829
 1.82637
 1.84704
 1.89771
 1.89824
 1.97654
 1.97485
 2.04066
 2.00969
 2.04126
 2.03304
 2.03808
 2.06266
 2.08549
 2.09214
 2.11035
 2.09588
 2.09502
 2.10718
 2.10609
 2.12733
 2.10246
  2.1379
 2.09635
 2.10614
 2.08723
 2.06572
 2.06078
 2.02549
 2.00745
 1.98037
 1.96735
 1.92315
 1.96107
 1.88078
 1.94294
 1.81569
 1.88556
  1.7547
 1.86319
 1.70313
 1.79079
 1.62541
  1.7335
 1.55325
 1.68589
 1.49996
 1.66193
 1.44768
 1.63293
 1.41738
 1.61056
 1.38319
 1.59563
 1.34098
 1.59444
  1.3168
 1.60232
 1.28986
 1.62153
 1.28199
 1.61792
 1.27912
 1.63558
 1.28759
 1.64848
 1.28069
 1.69491
 1.27128
 1.70298
 1.30607
 1.70461
 1.31621
  1.7107
 1.30623
 1.69431
 1.27583
 1.67067
 1.22776
 1.64574
 1.17913
 1.58196
 1.13709
 1.47963
 1.09443
 1.37692
 1.02359
 1.29008
0.996564
 1.22961
0.934281
 1.16256
0.882444
 1.08718
0.898203
 1.04711
0.918493
 1.02866
0.936081
 1.00897
0.927891
0.981134
0.932824
0.908934
0.922897
0.860065
0.916723
0.814424
0.909563
0.780084
0.869427
0.748505
0.835819
 0.72357
0.816982
0.679444
0.811975
0.630813
0.780671
0.598026
0.745146
0.561343
0.735859
0.536235
0.751178
 0.55973
0.760947
0.580161
0.807896
0.627571
 0.84146
0.685683
0.886202
0.717143
0.926319
0.729484
0.997349
0.794678
 1.09571
 0.85629
 1.14031
0.926969
 1.21812
0.995383
 1.30569
 1.11448
  1.4235
 1.25642
 1.51334
 1.35821
 1.57122
 1.47141
 1.66059
 1.56765
 1.75221
 1.64423
 1.85473
 1.71397
 1.89049
 1.77145
 1.94615
 1.81466
 1.98948
 1.84897
 2.03114
  1.9086
  2.0545
 1.93113
 2.07206
 1.97579
 2.08042
 1.97166
 2.05744
 1.95433
  2.0357
  1.9253
 2.01752
  1.9156
  1.9926
 1.87873
 1.95601
 1.84564
 1.91862
 1.80878
 1.89163
 1.78264
  1.8728
 1.73899
 1.82771
 1.71104
 1.77507
  1.6658
 1.71933
 1.61773
 1.66359
 1.55843
 1.61205
 1.49648
 1.53601
 1.46667
 1.42757
 1.38807
 1.32242
 1.30367
 1.22751
 1.24751
  1.1395
 1.14901
 1.04489
 1.06236
0.948428
 1.01333
0.901289
0.968119
0.877033
0.911768
0.825395
0.919537
0.819132
0.918397
0.825705
  0.9181
0.781627
0.877909
0.717326
0.834593
0.681535
0.794425
0.686279
0.756839
0.686531
0.745624
0.681313
0.759429
0.678599
0.750598
0.671471
0.770867
 0.69875
0.798102
0.758236
0.826513
0.782499
0.831077
0.813641
0.820196
0.825586
0.803692
0.841964
0.824536
 0.84551
0.854405
0.850558
0.855824
0.859712
0.858528
0.864615
0.835475
0.884239
0.795641
  0.8752
0.769339
0.897275
0.773291
0.901909
0.798247
0.906468
0.810815
0.942014
0.818264
0.957981
0.813143
0.966439
0.803838
0.955685
0.771422
0.945734
0.768726
0.915135
0.761808
0.895009
0.739002
0.889356
0.724861
0.876316
0.705372
0.861594
0.734319
0.872595
0.728068
0.887726
0.733589
0.864943
0.722098
0.867471
0.724548
0.849108
 0.71597
0.845884
0.711668
 0.86028
0.722967
 0.89061
0.751722
0.916328
0.784366
 0.92844
0.812912
0.980015
0.829537
 1.01407
0.864054
 1.05995
0.898674
 1.10678
0.938518
 1.15097
0.971322
 1.21519
 1.02484
 1.27893
 1.08154
 1.33708
 1.13707
 1.37754
  1.1867
 1.41502
 1.17767
 1.43677
 1.21394
 1.44411
 1.23515
 1.46458
  1.2042
 1.45699
 1.21558
 1.44693
 1.19808
  1.4286
 1.15551
 1.35649
 1.13815
 1.28499
 1.10985
 1.20618
 1.02506
 1.10861
0.969932
0.986601
0.906642
0.919653
0.876971
0.877328
 0.86832
0.835042
0.880995
0.809872
0.904151
 0.82781
0.954248
0.847365
0.988436
0.859924
 1.04652
0.887853
 1.05902
0.907269
 1.07803
0.909649
 1.08236
0.918861
 1.11609
0.905077
 1.13367
0.927502
  1.1955
0.945427
 1.23219
0.996409
 1.27959
 1.05395
 1.33022
 1.15182
 1.38401
 1.24464
  1.4449
 1.29722
  1.5286
 1.38182
 1.60757
  1.4835
 1.69966
 1.57748
 1.75432
 1.66015
 1.80987
 1.72768
 1.85084
 1.78145
  1.9219
 1.83136
 1.95813
 1.86304
 2.01332
 1.91286
 2.04775
 1.95261
 2.05994
 1.99746
 2.06145
  1.9962
 2.04576
  1.9769
 2.04646
 1.94316
 1.98065
 1.86686
 1.93616
 1.81012
 1.86859
 1.77031
 1.81266
 1.72823
 1.77365
 1.67076
 1.71523
  1.6255
 1.66606
 1.58187
 1.62626
 1.55802
 1.61548
 1.50956
 1.58337
 1.49641
 1.53531
 1.46984
 1.52465
 1.47725
 1.52519
 1.48719
 1.52955
 1.50015
 1.55411
 1.52895
 1.57914
 1.55801
 1.58999
 1.55716
 1.59488
 1.56505
 1.58866
  1.5792
 1.58082
 1.57818
 1.58038
 1.61201
 1.55364
 1.62762
 1.53548
 1.60524
 1.51926
 1.57793
 1.46273
 1.53317
 1.41978
 1.49571
 1.38588
 1.45827
 1.32984
 1.42497
 1.29024
 1.37471
 1.27263
 1.31198
 1.23909
 1.26827
 1.21769
  1.2257
 1.19611
 1.18821
 1.19235
 1.18809
 1.19453
 1.19349
 1.19801
 1.18074
 1.19726
 1.12089
 1.16879
 1.10886
 1.12486
 1.06887
  1.0857
 1.00697
  1.0257
0.943644
0.983276
0.898946
0.927489
0.866667
0.899714
0.801005
 0.84673
0.774997
0.804303
0.735081
0.773001
0.718786
0.750619
0.671737
0.723631
0.657628
0.704752
0.641271
0.686424
0.656245
 0.68457
 0.66293
0.716134
0.687355
0.755072
0.724741
 0.78795
0.764391
0.839744
 0.83258
0.846512
0.894531
0.893142
0.964011
0.935656
 1.00733
0.981626
  1.0566
 1.01374
  1.0757
 1.04666
 1.10621
  1.0638
  1.1167
 1.07144
 1.13567
 1.09463
 1.18914
 1.09358
 1.21821
  1.1252
 1.24605
 1.17138
   1.264
 1.17314
 1.29684
 1.18513
  1.3404
 1.22366
 1.38297
 1.27124
 1.39975
 1.31396
 1.44171
 1.34618
 1.44411
 1.39967
 1.45809
 1.43001
 1.47644
 1.44756
 1.44493
 1.44963
 1.42265
 1.42925
 1.37949
  1.3968
  1.3044
 1.37773
 1.25903
 1.33919
 1.21281
 1.30977
 1.16694
 1.26875
 1.13182
 1.22747
  1.0761
  1.1824
 1.03909
 1.14352
  1.0038
 1.09912
0.985676
 1.06122
0.961652
 1.03654
 0.90809
0.999462
0.878808
0.955329
0.841514
0.914678
0.788715
0.885046
0.743754
0.843726
0.730049
0.816384
0.703102
0.825855
 0.69821
0.807644
0.700827
0.792323
0.708123
0.785457
0.706147
0.763577
0.728171
0.750736
0.732763
0.721769
0.757289
0.692093
0.762473
0.696661
0.790292
0.683426
0.788644
0.675392
0.777946
0.653564
0.793656
0.641515
0.780574
0.649116
 0.78611
0.647169
0.794272
0.653974
0.815953
0.666679
0.810493
 0.68939
0.807244
0.708208
0.801891
0.743585
0.778627
0.737565
0.745016
 0.71431
 0.71351
0.685399
0.671018
 0.65113
0.612931
0.641801
0.572565
0.612783
0.533878
0.577546
0.483534
 0.55109
0.449138
0.539832
0.409323
0.531514
 0.39127
 0.51421
0.385683
0.497941
 0.38935
0.474876
0.387424
0.492733
0.397444
0.508119
0.424192
0.498002
0.465803
0.515491
 0.52307
 0.53165
0.559662
0.570487
0.610587
0.639851
0.661145
0.665998
0.698121
0.709727
0.744625
0.742189
0.786816
0.780377
0.824933
0.828317
0.877431
0.872768
0.905495
0.929921
0.954822
0.965423
 1.00778
  1.0098
 1.03163
 1.04882
   1.068
  1.0761
 1.10143
 1.10076
 1.12612
 1.12896
 1.13433
 1.15183
 1.15885
 1.16977
 1.17636
 1.20515
 1.18831
 1.21701
 1.19161
 1.20216
 1.17236
 1.19015
 1.15653
 1.17778
 1.10578
    1.17
 1.05586
 1.14368
 1.01729
 1.11733
0.972309
 1.07448
0.931393
 1.00023
0.881559
0.935448
0.839265
0.873879
0.778666
0.821121
 0.71394
0.762605
0.663522
0.710928
0.631447
0.665854
0.565797
0.634594
0.547213
0.580136
0.502667
0.552859
0.483396
0.536505
0.477221
0.527934
 0.47969
0.534883
0.501446
0.548186
0.532032
0.599888
0.557947
0.666326
0.597346
0.710919
0.641788
0.748234
0.670674
0.773694
0.677325
0.786513
0.683337
0.810371
0.699709
0.818889
0.698959
0.849244
0.704765
0.871025
0.727598
0.884071
0.733922
0.882967
0.743568
0.894677
0.760371
0.920344
 0.74654
0.937943
0.772156
0.906572
0.779529
0.909164
0.779383
0.897552
0.777175
0.892842
0.781609
0.890961
0.761798
0.861767
0.738043
0.845112
0.721112
0.793373
0.710191
0.785647
0.689845
0.765139
0.671012
0.714042
0.628958
0.680032
0.610831
0.643865
0.602281
0.605839
0.615515
0.577124
0.589162
0.529964
0.568236
0.501691
0.581025
0.485509
0.568459
0.491046
0.569556
0.497303
0.603006
0.497966
0.615535
0.502228
0.636042
0.502411
0.651355
0.507388
0.668689
0.513717
0.673889
0.539181
0.691035
 0.55141
0.719541
0.561433
0.723951
0.591588
0.740449
0.620304
0.770268
0.657932
0.783988
0.675374
0.819969
0.691724
0.851038
 0.71502
0.880293
0.730297
0.914336
0.763544
0.926657
0.795275
0.925953
0.827277
0.929498
0.851004
0.950964
0.877013
0.960778
0.896023
0.966949
0.910142
 0.96584
0.912128
0.942184
0.920737
0.934788
0.915638
0.913189
0.924844
0.923406
0.919781
0.902902
0.926938
0.872985
 0.92301
0.835843
0.916131
 0.81361
0.894913
0.781047
0.871897
 0.73443
0.856868
0.720081
0.842229
0.680732
0.816701
0.646058
0.772249
0.605094
0.762624
0.564323
0.735451
0.547653
0.703142
0.520861
0.662151
0.506955
 0.64833
 0.49011
0.649822
0.476466
0.619919
0.482748
0.590489
0.489261
0.574938
0.502613
0.572496
0.498241
0.562988
0.494942
0.564596
0.496054
0.564965
0.519984
0.557599
0.543463
 0.55011
0.552841
0.564229
0.559136
0.540436
0.563486
0.541429
0.577513
0.525486
0.600764
0.534085
0.609995
0.536079
0.624248
0.535036
0.635358
0.560626
0.647038
0.585987
0.688406
0.642675
 0.70238
0.683703
0.735848
0.712794
0.767022
0.735653
0.769676
0.740942
0.763377
0.740096
0.738181
0.755558
0.721006
0.748192
0.710478
0.767649
0.695157
0.771082
0.683511
0.774207
0.653362
0.773843
0.634314
0.767886
0.620852
0.778785
0.580419
0.774091
0.556455
0.788896
0.544536
0.785719
0.530856
 0.79191
0.513297
0.812057
0.485662
0.814227
 0.45808
0.803222
0.419133
0.803246
0.402089
0.797446
0.370504
 0.78768
0.363523
0.794326
0.343407
0.785878
0.358125
0.801485
0.343594
0.796215